1,7,3,27,23,2,4,22,24,1,13,21,33,66.6,,,,,,
2,7,3,27,26,2,8,22,28,16,14,36,34,66.86666667,,,,,,
3,7,3,27,37,2,4,22,28,1,14,21,34,65.93333333,,,,,,
4,7,3,29,23,2,8,22,24,16,13,36,33,66.76666667,,,,,,
5,7,3,29,26,2,4,22,24,1,14,36,33,66.9,,,,,,
6,7,3,29,37,2,8,22,28,1,13,21,33,66.1,,,,,,
7,7,3,30,23,2,4,22,28,16,14,21,33,68.43333333,,,,,,
8,7,3,30,26,2,8,22,24,1,13,21,34,67.66666667,,,,,,
9,7,3,30,37,2,4,22,24,16,13,36,34,68.43333333,,,,,,
10,7,6,27,23,2,8,22,28,1,14,36,33,66.7,,,,,,
11,7,6,27,26,2,4,22,24,16,13,21,34,67.36666667,,,,,,
12,7,6,27,37,2,8,22,24,16,14,21,33,67.1,,,,,,
13,7,6,29,23,2,4,22,28,16,13,36,34,67.4,,,,,,
14,7,6,29,26,2,8,22,28,1,14,21,34,66.06666667,,,,,,
15,7,6,29,37,2,4,22,24,1,13,36,33,67.5,,,,,,
16,7,6,30,23,2,8,22,24,16,14,36,34,67.43333333,,,,,,
17,7,6,30,26,2,4,22,28,1,13,36,33,68.33333333,,,,,,
18,7,6,30,37,2,8,22,28,16,13,21,34,68.16666667,,,,,,
19,7,17,27,23,2,4,22,28,16,13,21,33,66.8,,,,,,
20,7,17,27,26,2,8,22,24,1,14,36,34,66.46666667,,,,,,
21,7,17,27,37,2,4,22,24,1,13,36,34,66.8,,,,,,
22,7,17,29,23,2,8,22,28,1,13,36,34,66.53333333,,,,,,
23,7,17,29,26,2,4,22,28,16,14,21,33,67.2,,,,,,
24,7,17,29,37,2,8,22,24,16,14,36,34,67.5,,,,,,
25,7,17,30,23,2,4,22,24,1,14,21,34,67.33333333,,,,,,
26,7,17,30,26,2,8,22,28,16,13,36,33,68.83333333,,,,,,
27,7,17,30,37,2,4,22,28,1,14,36,33,68,,,,,,
28,9,3,27,23,2,8,22,24,16,14,21,34,66.9,,,,,,
29,9,3,27,26,2,4,22,28,1,13,36,34,66.36666667,,,,,,
30,9,3,27,37,2,8,22,28,16,13,36,33,67.03333333,,,,,,
31,9,3,29,23,2,4,22,28,1,14,21,34,66.2,,,,,,
32,9,3,29,26,2,8,22,24,16,13,21,33,67.4,,,,,,
33,9,3,29,37,2,4,22,24,16,14,36,33,67.93333333,,,,,,
34,9,3,30,23,2,8,22,28,1,13,36,33,67.63333333,,,,,,
35,9,3,30,26,2,4,22,24,16,14,21,34,68.26666667,,,,,,
36,9,3,30,37,2,8,22,24,1,14,36,34,67.66666667,,,,,,
37,9,6,27,23,2,4,22,24,1,14,36,33,67.43333333,,,,,,
38,9,6,27,26,2,8,22,28,16,14,21,33,66.56666667,,,,,,
39,9,6,27,37,2,4,22,28,16,14,36,34,67.5,,,,,,
40,9,6,29,23,2,8,22,24,1,13,21,34,66.33333333,,,,,,
41,9,6,29,26,2,4,22,24,1,13,21,33,66,,,,,,
42,9,6,29,37,2,8,22,28,1,14,36,33,67.1,,,,,,
43,9,6,30,23,2,4,22,28,16,13,21,33,69,,,,,,
44,9,6,30,26,2,8,22,24,1,14,36,33,67.86666667,,,,,,
45,9,6,30,37,2,4,22,24,1,13,21,34,67.73333333,,,,,,
46,9,17,27,23,2,8,22,28,16,14,36,34,66.83333333,,,,,,
47,9,17,27,26,2,4,22,24,16,13,36,33,68.4,,,,,,
48,9,17,27,37,2,8,22,24,1,13,21,33,66.16666667,,,,,,
49,9,17,29,23,2,4,22,24,16,13,21,34,66.73333333,,,,,,
50,9,17,29,26,2,8,22,28,1,13,21,34,65.93333333,,,,,,
51,9,17,29,37,2,4,22,28,16,13,36,34,68.1,,,,,,
52,9,17,30,23,2,8,22,24,16,13,36,33,67.86666667,,,,,,
53,9,17,30,26,2,4,22,28,1,14,21,33,67.26666667,,,,,,
54,9,17,30,37,2,8,22,28,16,14,21,34,67.93333333,,,,,,
55,10,3,27,23,2,4,22,28,16,13,36,34,66.86666667,,,,,,
56,10,3,27,26,2,8,22,24,1,13,36,33,67.33333333,,,,,,
57,10,3,27,37,2,4,22,24,16,14,21,33,66.93333333,,,,,,
58,10,3,29,23,2,8,22,28,16,14,21,33,67.1,,,,,,
59,10,3,29,26,2,4,22,28,1,13,21,34,65.96666667,,,,,,
60,10,3,29,37,2,8,22,24,1,14,21,34,66.5,,,,,,
61,10,3,30,23,2,4,22,24,1,14,36,34,67.1,,,,,,
62,10,3,30,26,2,8,22,28,16,13,21,34,68.73333333,,,,,,
63,10,3,30,37,2,4,22,28,1,13,36,33,67.6,,,,,,
64,10,6,27,23,2,8,22,24,16,13,36,33,67.9,,,,,,
65,10,6,27,26,2,4,22,28,1,14,21,33,66.6,,,,,,
66,10,6,27,37,2,8,22,28,1,13,21,34,65.93333333,,,,,,
67,10,6,29,23,2,4,22,24,16,14,21,34,66.93333333,,,,,,
68,10,6,29,26,2,8,22,24,16,14,36,34,68.66666667,,,,,,
69,10,6,29,37,2,4,22,28,16,13,21,33,68.06666667,,,,,,
70,10,6,30,23,2,8,22,28,1,14,21,33,67.4,,,,,,
71,10,6,30,26,2,4,22,24,16,13,36,33,69.5,,,,,,
72,10,6,30,37,2,8,22,24,16,14,36,33,69.13333333,,,,,,
73,10,17,27,23,2,4,22,24,1,13,21,34,66.83333333,,,,,,
74,10,17,27,26,2,8,22,28,16,14,21,34,66.5,,,,,,
75,10,17,27,37,2,4,22,28,1,14,36,33,67.3,,,,,,
76,10,17,29,23,2,8,22,24,1,14,36,33,66.53333333,,,,,,
77,10,17,29,26,2,4,22,24,1,13,36,34,67.76666667,,,,,,
78,10,17,29,37,2,8,22,28,16,13,36,33,68.86666667,,,,,,
79,10,17,30,23,2,4,22,28,16,14,36,34,68.83333333,,,,,,
80,10,17,30,26,2,8,22,24,1,13,21,33,68.06666667,,,,,,
81,10,17,30,37,2,4,22,24,16,13,21,34,69.36666667,,,,,,
82,7,3,27,23,2,8,25,28,1,13,21,34,67.73333333,,,,,,
83,7,3,27,26,2,4,25,24,16,14,36,33,69.33333333,,,,,,
84,7,3,27,37,2,8,25,24,1,14,36,33,69.16666667,,,,,,
85,7,3,29,23,2,4,25,28,16,13,21,33,68.86666667,,,,,,
86,7,3,29,26,2,8,25,28,16,14,36,34,68.86666667,,,,,,
87,7,3,29,37,2,4,25,24,1,13,21,34,68.3,,,,,,
88,7,3,30,23,2,8,25,24,16,13,21,33,69,,,,,,
89,7,3,30,26,2,4,25,28,1,14,21,34,67.9,,,,,,
90,7,3,30,37,2,8,25,28,16,14,36,33,68.9,,,,,,
91,7,6,27,23,2,4,25,24,1,13,36,34,68.73333333,,,,,,
92,7,6,27,26,2,8,25,28,1,13,36,33,69.06666667,,,,,,
93,7,6,27,37,2,4,25,28,16,13,21,33,68.76666667,,,,,,
94,7,6,29,23,2,8,25,24,1,14,21,33,68,,,,,,
95,7,6,29,26,2,4,25,24,16,14,21,34,68.83333333,,,,,,
96,7,6,29,37,2,8,25,28,16,13,36,34,68.93333333,,,,,,
97,7,6,30,23,2,4,25,28,1,14,36,34,68.7,,,,,,
98,7,6,30,26,2,8,25,24,16,13,36,34,69.2,,,,,,
99,7,6,30,37,2,4,25,24,1,14,21,33,68.76666667,,,,,,
100,7,17,27,23,2,8,25,24,16,14,21,34,68.8,,,,,,
101,7,17,27,26,2,4,25,28,1,13,21,33,68.56666667,,,,,,
102,7,17,27,37,2,8,25,28,1,14,21,34,67.76666667,,,,,,
103,7,17,29,23,2,4,25,24,1,14,36,33,68.8,,,,,,
104,7,17,29,26,2,8,25,24,1,13,21,33,68.6,,,,,,
105,7,17,29,37,2,4,25,28,16,14,36,34,69.26666667,,,,,,
106,7,17,30,23,2,8,25,28,1,13,36,34,68.73333333,,,,,,
107,7,17,30,26,2,4,25,24,16,14,36,33,69.8,,,,,,
108,7,17,30,37,2,8,25,24,16,13,21,33,68.8,,,,,,
109,9,3,27,23,2,4,25,28,16,14,36,33,69.53333333,,,,,,
110,9,3,27,26,2,8,25,24,1,14,21,34,68.2,,,,,,
111,9,3,27,37,2,4,25,24,1,13,36,33,68.73333333,,,,,,
112,9,3,29,23,2,8,25,28,1,14,36,34,67.56666667,,,,,,
113,9,3,29,26,2,4,25,28,16,13,36,33,69.33333333,,,,,,
114,9,3,29,37,2,8,25,24,16,13,21,34,69.4,,,,,,
115,9,3,30,23,2,4,25,24,1,13,21,33,67.96666667,,,,,,
116,9,3,30,26,2,8,25,28,16,13,21,33,69.5,,,,,,
117,9,3,30,37,2,4,25,28,16,14,21,34,68.86666667,,,,,,
118,9,6,27,23,2,8,25,28,16,13,21,34,69.23333333,,,,,,
119,9,6,27,26,2,4,25,24,16,14,36,34,69.43333333,,,,,,
120,9,6,27,37,2,8,25,24,1,14,21,34,67.73333333,,,,,,
121,9,6,29,23,2,4,25,28,1,13,36,33,68.66666667,,,,,,
122,9,6,29,26,2,8,25,28,16,14,21,33,68.93333333,,,,,,
123,9,6,29,37,2,4,25,24,16,13,36,33,69.46666667,,,,,,
124,9,6,30,23,2,8,25,24,16,14,36,33,69.43333333,,,,,,
125,9,6,30,26,2,4,25,28,1,13,21,34,68.2,,,,,,
126,9,6,30,37,2,8,25,28,1,13,36,34,68.2,,,,,,
127,9,17,27,23,2,4,25,24,1,14,21,33,68.86666667,,,,,,
128,9,17,27,26,2,8,25,28,16,13,36,34,69.56666667,,,,,,
129,9,17,27,37,2,4,25,28,1,13,21,34,68.3,,,,,,
130,9,17,29,23,2,8,25,24,16,14,36,34,68.96666667,,,,,,
131,9,17,29,26,2,4,25,24,1,14,36,34,68.7,,,,,,
132,9,17,29,37,2,8,25,28,1,14,21,33,67.46666667,,,,,,
133,9,17,30,23,2,4,25,28,16,13,36,34,69.56666667,,,,,,
134,9,17,30,26,2,8,25,24,1,14,21,34,67.9,,,,,,
135,9,17,30,37,2,4,25,24,1,14,36,33,69.26666667,,,,,,
136,10,3,27,23,2,8,25,24,1,14,36,34,68.93333333,,,,,,
137,10,3,27,26,2,4,25,28,16,14,21,33,69.8,,,,,,
138,10,3,27,37,2,8,25,28,16,13,36,34,69.83333333,,,,,,
139,10,3,29,23,2,4,25,24,16,13,36,34,69.53333333,,,,,,
140,10,3,29,26,2,8,25,24,1,13,36,33,69.2,,,,,,
141,10,3,29,37,2,4,25,28,1,14,36,34,68.5,,,,,,
142,10,3,30,23,2,8,25,28,1,13,21,34,69,,,,,,
143,10,3,30,26,2,4,25,24,1,14,21,33,68.33333333,,,,,,
144,10,3,30,37,2,8,25,24,16,14,21,34,69.66666667,,,,,,
145,10,6,27,23,2,4,25,28,1,13,36,33,69.5,,,,,,
146,10,6,27,26,2,8,25,24,16,13,21,33,70,,,,,,
147,10,6,27,37,2,4,25,24,1,14,36,34,69.73333333,,,,,,
148,10,6,29,23,2,8,25,28,16,14,36,33,69.1,,,,,,
149,10,6,29,26,2,4,25,28,1,14,36,34,69.26666667,,,,,,
150,10,6,29,37,2,8,25,24,1,13,21,33,68.9,,,,,,
151,10,6,30,23,2,4,25,24,16,13,21,34,69.56666667,,,,,,
152,10,6,30,26,2,8,25,28,16,14,36,34,69.76666667,,,,,,
153,10,6,30,37,2,4,25,28,16,14,21,33,70,,,,,,
154,10,17,27,23,2,8,25,28,1,13,21,33,68.96666667,,,,,,
155,10,17,27,26,2,4,25,24,16,13,36,34,70.06666667,,,,,,
156,10,17,27,37,2,8,25,24,16,14,36,33,69.93333333,,,,,,
157,10,17,29,23,2,4,25,28,1,14,21,34,68.06666667,,,,,,
158,10,17,29,26,2,8,25,28,16,13,21,34,69.56666667,,,,,,
159,10,17,29,37,2,4,25,24,1,13,21,33,69.46666667,,,,,,
160,10,17,30,23,2,8,25,24,16,14,21,33,69.36666667,,,,,,
161,10,17,30,26,2,4,25,28,1,13,36,33,69.53333333,,,,,,
162,10,17,30,37,2,8,25,28,1,14,36,34,69.06666667,,,,,,
163,7,3,27,23,2,4,31,28,16,14,36,34,68.9,,,,,,
164,7,3,27,26,2,8,31,24,16,13,21,33,68.8,,,,,,
165,7,3,27,37,2,4,31,24,1,14,21,34,67.8,,,,,,
166,7,3,29,23,2,8,31,28,1,14,21,33,67.86666667,,,,,,
167,7,3,29,26,2,4,31,28,1,13,36,34,68.13333333,,,,,,
168,7,3,29,37,2,8,31,24,16,14,36,33,68.86666667,,,,,,
169,7,3,30,23,2,4,31,24,16,13,36,33,68.8,,,,,,
170,7,3,30,26,2,8,31,28,1,14,36,33,68.3,,,,,,
171,7,3,30,37,2,4,31,28,16,13,21,34,68,,,,,,
172,7,6,27,23,2,8,31,24,1,13,21,34,67.86666667,,,,,,
173,7,6,27,26,2,4,31,28,16,14,21,33,68.56666667,,,,,,
174,7,6,27,37,2,8,31,28,1,14,36,34,68.23333333,,,,,,
175,7,6,29,23,2,4,31,24,16,14,21,33,68.93333333,,,,,,
176,7,6,29,26,2,8,31,24,1,13,36,33,68.73333333,,,,,,
177,7,6,29,37,2,4,31,28,1,13,21,33,68.2,,,,,,
178,7,6,30,23,2,8,31,28,16,13,36,33,68.7,,,,,,
179,7,6,30,26,2,4,31,24,1,14,21,34,68.16666667,,,,,,
180,7,6,30,37,2,8,31,24,1,13,36,34,68.8,,,,,,
181,7,17,27,23,2,4,31,24,16,13,36,34,69.1,,,,,,
182,7,17,27,26,2,8,31,28,16,14,36,33,68.83333333,,,,,,
183,7,17,27,37,2,4,31,28,16,13,21,33,68.66666667,,,,,,
184,7,17,29,23,2,8,31,24,1,14,36,34,67.4,,,,,,
185,7,17,29,26,2,4,31,24,16,13,21,34,68.5,,,,,,
186,7,17,29,37,2,8,31,28,16,13,21,34,68.4,,,,,,
187,7,17,30,23,2,4,31,28,1,13,21,33,68.13333333,,,,,,
188,7,17,30,26,2,8,31,24,16,14,21,34,67.86666667,,,,,,
189,7,17,30,37,2,4,31,24,1,14,36,33,69.16666667,,,,,,
190,9,3,27,23,2,8,31,28,1,13,36,33,68.13333333,,,,,,
191,9,3,27,26,2,4,31,24,1,13,21,33,67.4,,,,,,
192,9,3,27,37,2,8,31,24,16,14,21,33,68.76666667,,,,,,
193,9,3,29,23,2,4,31,24,1,14,36,34,67.06666667,,,,,,
194,9,3,29,26,2,8,31,28,16,14,36,34,68.5,,,,,,
195,9,3,29,37,2,4,31,28,1,13,21,34,67.3,,,,,,
196,9,3,30,23,2,8,31,24,16,14,21,34,67.83333333,,,,,,
197,9,3,30,26,2,4,31,28,16,13,36,34,68.03333333,,,,,,
198,9,3,30,37,2,8,31,28,1,14,21,33,67.86666667,,,,,,
199,9,6,27,23,2,4,31,28,1,14,21,34,68,,,,,,
200,9,6,27,26,2,8,31,24,16,13,36,34,69.16666667,,,,,,
201,9,6,27,37,2,4,31,24,16,13,21,34,68.66666667,,,,,,
202,9,6,29,23,2,8,31,28,16,13,21,33,68.96666667,,,,,,
203,9,6,29,26,2,4,31,28,1,14,36,33,68.23333333,,,,,,
204,9,6,29,37,2,8,31,24,1,14,21,34,66.96666667,,,,,,
205,9,6,30,23,2,4,31,24,1,13,36,34,67.83333333,,,,,,
206,9,6,30,26,2,8,31,28,1,13,21,33,67.66666667,,,,,,
207,9,6,30,37,2,4,31,28,16,14,36,33,69.16666667,,,,,,
208,9,17,27,23,2,8,31,24,1,13,36,33,68.1,,,,,,
209,9,17,27,26,2,4,31,28,1,14,36,34,68.76666667,,,,,,
210,9,17,27,37,2,8,31,28,16,14,21,34,68.6,,,,,,
211,9,17,29,23,2,4,31,28,16,14,21,33,69.13333333,,,,,,
212,9,17,29,26,2,8,31,24,16,14,21,33,68.56666667,,,,,,
213,9,17,29,37,2,4,31,24,16,13,36,33,68.86666667,,,,,,
214,9,17,30,23,2,8,31,28,1,14,36,34,67.53333333,,,,,,
215,9,17,30,26,2,4,31,24,16,13,21,33,69,,,,,,
216,9,17,30,37,2,8,31,24,16,13,36,34,68.76666667,,,,,,
217,10,3,27,23,2,4,31,24,1,13,21,33,68.56666667,,,,,,
218,10,3,27,26,2,8,31,28,1,14,21,34,67.93333333,,,,,,
219,10,3,27,37,2,4,31,28,16,13,36,33,69.46666667,,,,,,
220,10,3,29,23,2,8,31,24,16,13,21,34,69.36666667,,,,,,
221,10,3,29,26,2,4,31,24,16,14,36,33,69.46666667,,,,,,
222,10,3,29,37,2,8,31,28,1,13,36,34,68.43333333,,,,,,
223,10,3,30,23,2,4,31,28,1,14,36,33,68.53333333,,,,,,
224,10,3,30,26,2,8,31,24,1,13,36,34,68.5,,,,,,
225,10,3,30,37,2,4,31,24,16,14,21,34,68.5,,,,,,
226,10,6,27,23,2,8,31,28,16,14,21,33,69.46666667,,,,,,
227,10,6,27,26,2,4,31,24,1,14,36,33,69.5,,,,,,
228,10,6,27,37,2,8,31,24,16,13,36,34,69.8,,,,,,
229,10,6,29,23,2,4,31,28,1,13,21,34,68.13333333,,,,,,
230,10,6,29,26,2,8,31,28,16,13,36,33,69.3,,,,,,
231,10,6,29,37,2,4,31,24,1,14,21,33,69.13333333,,,,,,
232,10,6,30,23,2,8,31,24,1,14,36,34,67.73333333,,,,,,
233,10,6,30,26,2,4,31,28,16,13,21,34,69.33333333,,,,,,
234,10,6,30,37,2,8,31,28,16,14,21,34,68.96666667,,,,,,
235,10,17,27,23,2,4,31,28,16,14,36,33,69.73333333,,,,,,
236,10,17,27,26,2,8,31,24,1,14,21,33,68.33333333,,,,,,
237,10,17,27,37,2,4,31,24,1,13,21,34,68.96666667,,,,,,
238,10,17,29,23,2,8,31,28,16,13,36,34,68.76666667,,,,,,
239,10,17,29,26,2,4,31,28,1,14,21,33,68.93333333,,,,,,
240,10,17,29,37,2,8,31,24,16,14,21,34,69.03333333,,,,,,
241,10,17,30,23,2,4,31,24,16,13,36,33,69.33333333,,,,,,
242,10,17,30,26,2,8,31,28,16,13,21,33,69.23333333,,,,,,
243,10,17,30,37,2,4,31,28,1,13,21,34,68.4,,,,,,
244,7,3,27,23,2,8,32,24,16,14,36,33,67.93333333,,,,,,
245,7,3,27,26,2,4,32,28,1,13,36,33,67.1,,,,,,
246,7,3,27,37,2,8,32,28,16,13,21,34,66.83333333,,,,,,
247,7,3,29,23,2,4,32,24,1,13,21,34,66.73333333,,,,,,
248,7,3,29,26,2,8,32,24,16,13,36,34,68.4,,,,,,
249,7,3,29,37,2,4,32,28,16,14,21,33,67.63333333,,,,,,
250,7,3,30,23,2,8,32,28,1,14,21,34,67.7,,,,,,
251,7,3,30,26,2,4,32,24,16,14,21,33,68.56666667,,,,,,
252,7,3,30,37,2,8,32,24,1,13,36,33,68.33333333,,,,,,
253,7,6,27,23,2,4,32,28,16,14,36,34,68.03333333,,,,,,
254,7,6,27,26,2,8,32,24,1,14,21,34,66.66666667,,,,,,
255,7,6,27,37,2,4,32,24,1,13,21,33,66.86666667,,,,,,
256,7,6,29,23,2,8,32,28,1,13,36,33,67.03333333,,,,,,
257,7,6,29,26,2,4,32,28,16,13,21,34,67.3,,,,,,
258,7,6,29,37,2,8,32,24,16,14,36,34,68.16666667,,,,,,
259,7,6,30,23,2,4,32,24,16,13,36,33,68.16666667,,,,,,
260,7,6,30,26,2,8,32,28,16,14,36,33,68.46666667,,,,,,
261,7,6,30,37,2,4,32,28,1,14,36,34,68,,,,,,
262,7,17,27,23,2,8,32,28,1,13,21,33,67.03333333,,,,,,
263,7,17,27,26,2,4,32,24,16,14,21,34,66.76666667,,,,,,
264,7,17,27,37,2,8,32,24,16,13,36,33,68.16666667,,,,,,
265,7,17,29,23,2,4,32,28,16,14,36,33,68,,,,,,
266,7,17,29,26,2,8,32,28,1,14,36,34,66.9,,,,,,
267,7,17,29,37,2,4,32,24,1,14,21,33,67.63333333,,,,,,
268,7,17,30,23,2,8,32,24,1,14,36,34,66.7,,,,,,
269,7,17,30,26,2,4,32,28,1,13,21,34,67.86666667,,,,,,
270,7,17,30,37,2,8,32,28,16,14,21,33,68.2,,,,,,
271,9,3,27,23,2,4,32,24,1,14,36,34,67.06666667,,,,,,
272,9,3,27,26,2,8,32,28,16,14,21,33,67.26666667,,,,,,
273,9,3,27,37,2,4,32,28,1,14,21,33,66.3,,,,,,
274,9,3,29,23,2,8,32,24,16,13,21,33,67.03333333,,,,,,
275,9,3,29,26,2,4,32,24,1,14,36,33,67.33333333,,,,,,
276,9,3,29,37,2,8,32,28,1,13,36,34,66.63333333,,,,,,
277,9,3,30,23,2,4,32,28,16,13,36,34,68.56666667,,,,,,
278,9,3,30,26,2,8,32,24,1,13,21,34,67.86666667,,,,,,
279,9,3,30,37,2,4,32,24,16,13,21,33,68.56666667,,,,,,
280,9,6,27,23,2,8,32,24,16,13,21,34,67.3,,,,,,
281,9,6,27,26,2,4,32,28,1,13,36,34,67.06666667,,,,,,
282,9,6,27,37,2,8,32,28,16,14,36,33,67.7,,,,,,
283,9,6,29,23,2,4,32,24,1,14,21,33,66.7,,,,,,
284,9,6,29,26,2,8,32,24,16,14,21,34,67.73333333,,,,,,
285,9,6,29,37,2,4,32,28,16,13,21,34,67.63333333,,,,,,
286,9,6,30,23,2,8,32,28,1,14,21,33,67.06666667,,,,,,
287,9,6,30,26,2,4,32,24,16,14,36,34,68.93333333,,,,,,
288,9,6,30,37,2,8,32,24,1,14,21,34,67.43333333,,,,,,
289,9,17,27,23,2,4,32,28,1,13,36,33,68.16666667,,,,,,
290,9,17,27,26,2,8,32,24,1,13,36,33,67.6,,,,,,
291,9,17,27,37,2,4,32,24,16,14,36,34,68.56666667,,,,,,
292,9,17,29,23,2,8,32,28,16,13,21,34,67.13333333,,,,,,
293,9,17,29,26,2,4,32,28,16,14,36,33,68.76666667,,,,,,
294,9,17,29,37,2,8,32,24,1,13,36,34,67.23333333,,,,,,
295,9,17,30,23,2,4,32,24,1,13,21,33,67.73333333,,,,,,
296,9,17,30,26,2,8,32,28,16,13,36,33,68.63333333,,,,,,
297,9,17,30,37,2,4,32,28,1,13,36,33,68.16666667,,,,,,
298,10,3,27,23,2,8,32,28,1,14,36,33,67.4,,,,,,
299,10,3,27,26,2,4,32,24,16,13,21,34,67.06666667,,,,,,
300,10,3,27,37,2,8,32,24,1,13,21,33,66.86666667,,,,,,
301,10,3,29,23,2,4,32,28,1,13,36,33,66.73333333,,,,,,
302,10,3,29,26,2,8,32,28,16,14,21,34,67.73333333,,,,,,
303,10,3,29,37,2,4,32,24,16,14,36,34,68.5,,,,,,
304,10,3,30,23,2,8,32,24,16,13,36,34,68.23333333,,,,,,
305,10,3,30,26,2,4,32,28,1,14,36,34,67.63333333,,,,,,
306,10,3,30,37,2,8,32,28,16,13,21,33,69.2,,,,,,
307,10,6,27,23,2,4,32,24,1,14,21,34,67.36666667,,,,,,
308,10,6,27,26,2,8,32,28,1,13,21,33,66.76666667,,,,,,
309,10,6,27,37,2,4,32,28,16,13,36,33,68.83333333,,,,,,
310,10,6,29,23,2,8,32,24,16,13,36,33,68.03333333,,,,,,
311,10,6,29,26,2,4,32,24,1,13,36,34,68.4,,,,,,
312,10,6,29,37,2,8,32,28,1,14,21,33,67.43333333,,,,,,
313,10,6,30,23,2,4,32,28,16,14,21,33,69.23333333,,,,,,
314,10,6,30,26,2,8,32,24,1,13,21,33,68.7,,,,,,
315,10,6,30,37,2,4,32,24,1,13,36,34,69.23333333,,,,,,
316,10,17,27,23,2,8,32,24,16,14,21,34,67.86666667,,,,,,
317,10,17,27,26,2,4,32,28,16,13,36,34,68.46666667,,,,,,
318,10,17,27,37,2,8,32,28,1,14,36,34,66.5,,,,,,
319,10,17,29,23,2,4,32,24,16,13,21,33,67.93333333,,,,,,
320,10,17,29,26,2,8,32,24,1,14,21,33,67.53333333,,,,,,
321,10,17,29,37,2,4,32,28,16,14,21,34,68.5,,,,,,
322,10,17,30,23,2,8,32,28,1,13,36,33,68.03333333,,,,,,
323,10,17,30,26,2,4,32,24,16,14,36,33,69.46666667,,,,,,
324,10,17,30,37,2,8,32,24,1,14,21,34,68.3,,,,,,
325,7,3,27,23,5,8,22,28,1,13,36,34,66.43333333,,,,,,
326,7,3,27,26,5,4,22,24,16,14,21,33,67.46666667,,,,,,
327,7,3,27,37,5,8,22,24,1,14,36,33,66.43333333,,,,,,
328,7,3,29,23,5,4,22,28,16,14,36,34,68.1,,,,,,
329,7,3,29,26,5,8,22,28,1,14,21,33,65.9,,,,,,
330,7,3,29,37,5,4,22,24,16,13,21,34,67.5,,,,,,
331,7,3,30,23,5,8,22,24,16,13,21,33,68.26666667,,,,,,
332,7,3,30,26,5,4,22,28,1,13,36,33,68.4,,,,,,
333,7,3,30,37,5,8,22,28,16,14,36,34,68.83333333,,,,,,
334,7,6,27,23,5,4,22,24,1,14,21,34,66.4,,,,,,
335,7,6,27,26,5,8,22,24,16,13,36,34,66.56666667,,,,,,
336,7,6,27,37,5,4,22,28,16,13,36,33,66.8,,,,,,
337,7,6,29,23,5,8,22,24,1,13,21,33,65.96666667,,,,,,
338,7,6,29,26,5,4,22,28,16,14,36,33,68.1,,,,,,
339,7,6,29,37,5,8,22,28,1,14,21,34,65.56666667,,,,,,
340,7,6,30,23,5,4,22,28,1,13,21,34,67.43333333,,,,,,
341,7,6,30,26,5,8,22,24,1,14,21,33,67.4,,,,,,
342,7,6,30,37,5,4,22,24,16,14,21,33,68.33333333,,,,,,
343,7,17,27,23,5,8,22,24,16,14,21,33,67.2,,,,,,
344,7,17,27,26,5,4,22,28,1,14,36,34,65.7,,,,,,
345,7,17,27,37,5,8,22,28,16,13,21,34,65.6,,,,,,
346,7,17,29,23,5,4,22,24,1,13,36,33,67.13333333,,,,,,
347,7,17,29,26,5,8,22,24,16,13,36,33,67.8,,,,,,
348,7,17,29,37,5,4,22,28,1,13,21,33,66.53333333,,,,,,
349,7,17,30,23,5,8,22,28,1,14,21,33,67.23333333,,,,,,
350,7,17,30,26,5,4,22,24,16,13,21,34,68.2,,,,,,
351,7,17,30,37,5,8,22,24,1,13,36,34,67.43333333,,,,,,
352,9,3,27,23,5,4,22,28,16,13,21,33,67.7,,,,,,
353,9,3,27,26,5,8,22,24,1,13,21,34,65.26666667,,,,,,
354,9,3,27,37,5,4,22,24,1,14,36,34,66.26666667,,,,,,
355,9,3,29,23,5,8,22,28,16,14,36,33,66.86666667,,,,,,
356,9,3,29,26,5,4,22,28,16,13,36,34,68,,,,,,
357,9,3,29,37,5,8,22,24,1,13,36,33,67.13333333,,,,,,
358,9,3,30,23,5,4,22,24,1,14,21,33,67.6,,,,,,
359,9,3,30,26,5,8,22,28,16,14,21,34,68.46666667,,,,,,
360,9,3,30,37,5,4,22,28,1,13,21,34,67.53333333,,,,,,
361,9,6,27,23,5,8,22,28,1,14,36,34,66.16666667,,,,,,
362,9,6,27,26,5,4,22,24,16,14,36,33,67.33333333,,,,,,
363,9,6,27,37,5,8,22,24,16,13,21,33,66.36666667,,,,,,
364,9,6,29,23,5,4,22,28,1,14,21,33,66.36666667,,,,,,
365,9,6,29,26,5,8,22,24,1,14,36,34,66.5,,,,,,
366,9,6,29,37,5,4,22,24,16,14,21,34,67.16666667,,,,,,
367,9,6,30,23,5,8,22,24,16,13,36,34,67.8,,,,,,
368,9,6,30,26,5,4,22,28,16,13,21,33,68.4,,,,,,
369,9,6,30,37,5,8,22,28,1,13,36,33,67.56666667,,,,,,
370,9,17,27,23,5,4,22,28,1,13,36,33,66.63333333,,,,,,
371,9,17,27,26,5,8,22,28,16,14,36,33,66.4,,,,,,
372,9,17,27,37,5,4,22,24,16,14,21,34,66.83333333,,,,,,
373,9,17,29,23,5,8,22,24,1,14,21,34,65.43333333,,,,,,
374,9,17,29,26,5,4,22,24,1,13,21,33,66.7,,,,,,
375,9,17,29,37,5,8,22,28,16,14,36,33,67.3,,,,,,
376,9,17,30,23,5,4,22,28,16,14,36,34,68.46666667,,,,,,
377,9,17,30,26,5,8,22,24,1,13,36,34,67.43333333,,,,,,
378,9,17,30,37,5,4,22,24,1,14,36,33,68.1,,,,,,
379,10,3,27,23,5,8,22,24,16,14,36,34,68.33333333,,,,,,
380,10,3,27,26,5,4,22,28,1,14,36,33,66.43333333,,,,,,
381,10,3,27,37,5,8,22,28,16,13,21,33,67.53333333,,,,,,
382,10,3,29,23,5,4,22,24,1,13,21,33,66.53333333,,,,,,
383,10,3,29,26,5,8,22,24,16,14,21,34,68.83333333,,,,,,
384,10,3,29,37,5,4,22,28,16,14,36,34,69,,,,,,
385,10,3,30,23,5,8,22,28,1,13,36,34,68.23333333,,,,,,
386,10,3,30,26,5,4,22,24,16,13,36,33,69.8,,,,,,
387,10,3,30,37,5,8,22,24,1,14,21,33,68.96666667,,,,,,
388,10,6,27,23,5,4,22,28,16,14,21,34,67.76666667,,,,,,
389,10,6,27,26,5,8,22,28,1,13,36,34,67.23333333,,,,,,
390,10,6,27,37,5,4,22,24,1,13,36,34,68.4,,,,,,
391,10,6,29,23,5,8,22,28,16,13,21,34,67.93333333,,,,,,
392,10,6,29,26,5,4,22,24,1,14,21,34,67.73333333,,,,,,
393,10,6,29,37,5,8,22,24,16,13,36,33,69.6,,,,,,
394,10,6,30,23,5,4,22,24,1,13,36,33,68.86666667,,,,,,
395,10,6,30,26,5,8,22,28,16,14,36,33,69.76666667,,,,,,
396,10,6,30,37,5,4,22,28,1,14,21,34,69.2,,,,,,
397,10,17,27,23,5,8,22,28,1,14,21,33,67.26666667,,,,,,
398,10,17,27,26,5,4,22,24,16,13,21,33,67.76666667,,,,,,
399,10,17,27,37,5,8,22,24,1,13,36,34,67.76666667,,,,,,
400,10,17,29,23,5,4,22,28,16,13,36,33,69.06666667,,,,,,
401,10,17,29,26,5,8,22,28,1,13,21,34,67.63333333,,,,,,
402,10,17,29,37,5,4,22,24,1,14,36,34,69.03333333,,,,,,
403,10,17,30,23,5,8,22,24,16,14,36,34,68.86666667,,,,,,
404,10,17,30,26,5,4,22,28,1,14,21,34,69.2,,,,,,
405,10,17,30,37,5,8,22,28,16,13,21,33,69.7,,,,,,
406,7,3,27,23,5,4,25,24,16,13,36,34,70.33333333,,,,,,
407,7,3,27,26,5,8,25,28,16,13,21,33,69.53333333,,,,,,
408,7,3,27,37,5,4,25,28,1,14,21,33,69.03333333,,,,,,
409,7,3,29,23,5,8,25,24,1,14,36,34,68.66666667,,,,,,
410,7,3,29,26,5,4,25,24,1,13,21,34,68.86666667,,,,,,
411,7,3,29,37,5,8,25,28,16,13,36,33,69.76666667,,,,,,
412,7,3,30,23,5,4,25,28,16,14,21,34,69.46666667,,,,,,
413,7,3,30,26,5,8,25,24,1,14,36,33,69.06666667,,,,,,
414,7,3,30,37,5,4,25,24,16,13,36,34,70.26666667,,,,,,
415,7,6,27,23,5,8,25,28,16,14,36,33,69.56666667,,,,,,
416,7,6,27,26,5,4,25,28,1,13,21,34,68.13333333,,,,,,
417,7,6,27,37,5,8,25,24,1,13,21,33,67.93333333,,,,,,
418,7,6,29,23,5,4,25,28,1,13,36,34,68.66666667,,,,,,
419,7,6,29,26,5,8,25,24,16,14,21,34,68.46666667,,,,,,
420,7,6,29,37,5,4,25,24,1,14,36,33,68.9,,,,,,
421,7,6,30,23,5,8,25,28,1,13,21,33,68.4,,,,,,
422,7,6,30,26,5,4,25,24,16,13,36,33,69.5,,,,,,
423,7,6,30,37,5,8,25,28,16,14,21,34,68.53333333,,,,,,
424,7,17,27,23,5,4,25,28,16,14,21,33,69.16666667,,,,,,
425,7,17,27,26,5,8,25,24,1,14,36,34,68.16666667,,,,,,
426,7,17,27,37,5,4,25,24,16,13,36,33,69.23333333,,,,,,
427,7,17,29,23,5,8,25,28,16,13,21,34,68.76666667,,,,,,
428,7,17,29,26,5,4,25,28,16,14,21,33,68.76666667,,,,,,
429,7,17,29,37,5,8,25,24,1,14,21,34,67.63333333,,,,,,
430,7,17,30,23,5,4,25,24,1,13,21,34,67.73333333,,,,,,
431,7,17,30,26,5,8,25,28,16,14,36,34,68.33333333,,,,,,
432,7,17,30,37,5,4,25,28,1,13,36,33,69.4,,,,,,
433,9,3,27,23,5,8,25,24,16,13,36,33,70.2,,,,,,
434,9,3,27,26,5,4,25,28,1,14,36,34,68.46666667,,,,,,
435,9,3,27,37,5,8,25,28,1,13,21,34,68.53333333,,,,,,
436,9,3,29,23,5,4,25,24,16,14,21,33,69.5,,,,,,
437,9,3,29,26,5,8,25,24,16,13,36,34,69.96666667,,,,,,
438,9,3,29,37,5,4,25,28,1,14,21,33,68.66666667,,,,,,
439,9,3,30,23,5,8,25,28,1,14,36,33,68.73333333,,,,,,
440,9,3,30,26,5,4,25,24,16,14,36,33,69.5,,,,,,
441,9,3,30,37,5,8,25,24,16,14,21,33,69.53333333,,,,,,
442,9,6,27,23,5,4,25,24,1,13,21,34,68.36666667,,,,,,
443,9,6,27,26,5,8,25,28,16,14,21,34,68.3,,,,,,
444,9,6,27,37,5,4,25,28,16,14,36,34,69.03333333,,,,,,
445,9,6,29,23,5,8,25,24,1,13,36,33,68.4,,,,,,
446,9,6,29,26,5,4,25,28,1,13,21,33,68.63333333,,,,,,
447,9,6,29,37,5,8,25,28,16,13,21,34,68.5,,,,,,
448,9,6,30,23,5,4,25,28,16,14,21,34,68.73333333,,,,,,
449,9,6,30,26,5,8,25,24,1,13,21,34,68.23333333,,,,,,
450,9,6,30,37,5,4,25,24,1,13,36,34,69.26666667,,,,,,
451,9,17,27,23,5,8,25,24,16,13,21,33,69.5,,,,,,
452,9,17,27,26,5,4,25,24,1,13,21,33,68.5,,,,,,
453,9,17,27,37,5,8,25,28,1,14,36,33,68,,,,,,
454,9,17,29,23,5,4,25,28,1,13,36,34,68.1,,,,,,
455,9,17,29,26,5,8,25,28,1,14,36,33,67.76666667,,,,,,
456,9,17,29,37,5,4,25,24,16,13,21,34,68.96666667,,,,,,
457,9,17,30,23,5,8,25,24,1,14,21,33,67.96666667,,,,,,
458,9,17,30,26,5,4,25,28,16,13,21,34,69.26666667,,,,,,
459,9,17,30,37,5,8,25,28,16,13,36,33,68.96666667,,,,,,
460,10,3,27,23,5,4,25,28,1,13,21,34,69.43333333,,,,,,
461,10,3,27,26,5,8,25,24,1,14,21,33,70.2,,,,,,
462,10,3,27,37,5,4,25,24,16,14,36,33,70.9,,,,,,
463,10,3,29,23,5,8,25,28,16,13,21,33,70.63333333,,,,,,
464,10,3,29,26,5,4,25,28,16,14,21,34,70.33333333,,,,,,
465,10,3,29,37,5,8,25,24,1,13,36,34,69.7,,,,,,
466,10,3,30,23,5,4,25,24,16,14,36,33,70.46666667,,,,,,
467,10,3,30,26,5,8,25,28,1,13,36,34,69.93333333,,,,,,
468,10,3,30,37,5,4,25,28,1,13,21,33,69.63333333,,,,,,
469,10,6,27,23,5,8,25,24,1,14,36,34,69.8,,,,,,
470,10,6,27,26,5,4,25,24,16,13,36,34,70.83333333,,,,,,
471,10,6,27,37,5,8,25,28,16,14,21,33,70.16666667,,,,,,
472,10,6,29,23,5,4,25,24,16,14,36,33,70.5,,,,,,
473,10,6,29,26,5,8,25,28,1,14,21,33,69.23333333,,,,,,
474,10,6,29,37,5,4,25,28,1,13,36,34,69.9,,,,,,
475,10,6,30,23,5,8,25,24,1,13,21,34,69.1,,,,,,
476,10,6,30,26,5,4,25,24,1,14,36,34,70.03333333,,,,,,
477,10,6,30,37,5,8,25,24,16,13,36,33,70.63333333,,,,,,
478,10,17,27,23,5,4,25,24,16,14,36,34,70.96666667,,,,,,
479,10,17,27,26,5,8,25,28,16,14,36,33,70.5,,,,,,
480,10,17,27,37,5,4,25,28,1,13,21,34,69.73333333,,,,,,
481,10,17,29,23,5,8,25,24,1,13,36,33,69.5,,,,,,
482,10,17,29,26,5,4,25,24,16,14,36,33,70.83333333,,,,,,
483,10,17,29,37,5,8,25,28,16,14,21,33,70,,,,,,
484,10,17,30,23,5,4,25,28,16,13,21,33,70.9,,,,,,
485,10,17,30,26,5,8,25,24,16,13,21,34,70.6,,,,,,
486,10,17,30,37,5,4,25,24,16,14,21,34,70.83333333,,,,,,
487,7,3,27,23,5,8,31,24,1,14,36,33,69.13333333,,,,,,
488,7,3,27,26,5,4,31,28,16,13,36,34,69.73333333,,,,,,
489,7,3,27,37,5,8,31,28,16,14,21,34,68.73333333,,,,,,
490,7,3,29,23,5,4,31,28,1,13,21,33,68.7,,,,,,
491,7,3,29,26,5,8,31,24,16,13,21,33,69.46666667,,,,,,
492,7,3,29,37,5,4,31,24,1,14,36,34,68.83333333,,,,,,
493,7,3,30,23,5,8,31,28,16,13,36,34,69.03333333,,,,,,
494,7,3,30,26,5,4,31,24,1,14,21,34,68.2,,,,,,
495,7,3,30,37,5,8,31,24,1,13,21,33,68.63333333,,,,,,
496,7,6,27,23,5,4,31,24,16,13,36,33,69.33333333,,,,,,
497,7,6,27,26,5,8,31,28,1,13,21,34,67.7,,,,,,
498,7,6,27,37,5,4,31,28,1,14,36,33,68.46666667,,,,,,
499,7,6,29,23,5,8,31,28,16,14,36,34,68.23333333,,,,,,
500,7,6,29,26,5,4,31,24,16,14,36,34,69.06666667,,,,,,
501,7,6,29,37,5,8,31,24,16,13,21,34,68.53333333,,,,,,
502,7,6,30,23,5,4,31,28,1,14,21,33,68.13333333,,,,,,
503,7,6,30,26,5,8,31,28,16,14,36,33,68.4,,,,,,
504,7,6,30,37,5,4,31,24,16,13,36,34,68.93333333,,,,,,
505,7,17,27,23,5,8,31,28,1,13,36,34,68.5,,,,,,
506,7,17,27,26,5,4,31,24,1,13,36,33,68.5,,,,,,
507,7,17,27,37,5,8,31,24,16,14,36,33,68.83333333,,,,,,
508,7,17,29,23,5,4,31,24,16,14,21,34,68.63333333,,,,,,
509,7,17,29,26,5,8,31,28,1,14,21,33,67.43333333,,,,,,
510,7,17,29,37,5,4,31,28,16,14,36,34,68.7,,,,,,
511,7,17,30,23,5,8,31,24,16,13,21,33,67.96666667,,,,,,
512,7,17,30,26,5,4,31,28,16,14,36,34,68.83333333,,,,,,
513,7,17,30,37,5,8,31,28,1,14,21,34,67.63333333,,,,,,
514,9,3,27,23,5,4,31,28,16,14,21,33,69.73333333,,,,,,
515,9,3,27,26,5,8,31,24,1,14,36,34,68.56666667,,,,,,
516,9,3,27,37,5,4,31,24,16,13,36,34,69.46666667,,,,,,
517,9,3,29,23,5,8,31,24,1,13,21,34,68.13333333,,,,,,
518,9,3,29,26,5,4,31,28,1,13,36,33,68.76666667,,,,,,
519,9,3,29,37,5,8,31,28,16,14,36,33,69.1,,,,,,
520,9,3,30,23,5,4,31,24,1,13,36,33,68.46666667,,,,,,
521,9,3,30,26,5,8,31,28,1,14,21,33,68.23333333,,,,,,
522,9,3,30,37,5,4,31,28,16,13,21,33,69.13333333,,,,,,
523,9,6,27,23,5,8,31,24,16,14,21,33,68.5,,,,,,
524,9,6,27,26,5,4,31,28,16,13,21,33,68.83333333,,,,,,
525,9,6,27,37,5,8,31,28,1,13,36,33,68.1,,,,,,
526,9,6,29,23,5,4,31,24,16,13,36,34,68.6,,,,,,
527,9,6,29,26,5,8,31,24,1,14,21,34,67.23333333,,,,,,
528,9,6,29,37,5,4,31,28,1,14,21,34,68.13333333,,,,,,
529,9,6,30,23,5,8,31,24,1,14,36,33,67.43333333,,,,,,
530,9,6,30,26,5,4,31,24,16,14,21,34,68.96666667,,,,,,
531,9,6,30,37,5,8,31,24,16,14,36,33,68.2,,,,,,
532,9,17,27,23,5,4,31,24,1,14,21,34,68.3,,,,,,
533,9,17,27,26,5,8,31,28,16,13,21,34,68.4,,,,,,
534,9,17,27,37,5,4,31,28,1,13,36,33,68.96666667,,,,,,
535,9,17,29,23,5,8,31,28,1,13,21,33,68,,,,,,
536,9,17,29,26,5,4,31,24,1,13,36,34,68.4,,,,,,
537,9,17,29,37,5,8,31,24,1,13,36,33,67.86666667,,,,,,
538,9,17,30,23,5,4,31,28,16,13,36,34,68.23333333,,,,,,
539,9,17,30,26,5,8,31,24,1,13,36,33,68.03333333,,,,,,
540,9,17,30,37,5,4,31,24,1,14,21,33,68.56666667,,,,,,
541,10,3,27,23,5,8,31,28,16,13,21,34,70.36666667,,,,,,
542,10,3,27,26,5,4,31,28,1,13,36,33,69.63333333,,,,,,
543,10,3,27,37,5,8,31,24,1,14,36,33,69.86666667,,,,,,
544,10,3,29,23,5,4,31,24,16,14,21,33,69.93333333,,,,,,
545,10,3,29,26,5,8,31,28,16,14,36,34,70.06666667,,,,,,
546,10,3,29,37,5,4,31,28,16,13,21,33,70.36666667,,,,,,
547,10,3,30,23,5,8,31,28,16,14,21,33,70.46666667,,,,,,
548,10,3,30,26,5,4,31,24,16,13,21,34,70.3,,,,,,
549,10,3,30,37,5,8,31,28,1,13,36,34,69.43333333,,,,,,
550,10,6,27,23,5,4,31,24,1,13,21,33,70,,,,,,
551,10,6,27,26,5,8,31,24,16,14,21,34,70.03333333,,,,,,
552,10,6,27,37,5,4,31,28,16,14,36,34,70.4,,,,,,
553,10,6,29,23,5,8,31,24,1,14,36,33,68.9,,,,,,
554,10,6,29,26,5,4,31,28,1,13,36,34,69.53333333,,,,,,
555,10,6,29,37,5,8,31,28,1,14,21,33,68.96666667,,,,,,
556,10,6,30,23,5,4,31,28,16,13,36,34,69.9,,,,,,
557,10,6,30,26,5,8,31,24,1,13,21,33,68.93333333,,,,,,
558,10,6,30,37,5,4,31,24,1,14,36,33,69.96666667,,,,,,
559,10,17,27,23,5,8,31,24,16,13,36,33,70.46666667,,,,,,
560,10,17,27,26,5,4,31,28,16,14,21,34,70.33333333,,,,,,
561,10,17,27,37,5,8,31,28,1,13,21,33,69.06666667,,,,,,
562,10,17,29,23,5,4,31,24,1,13,36,34,69.1,,,,,,
563,10,17,29,26,5,8,31,24,16,13,36,34,70.53333333,,,,,,
564,10,17,29,37,5,4,31,28,16,13,36,33,70.76666667,,,,,,
565,10,17,30,23,5,8,31,28,1,14,36,33,69.33333333,,,,,,
566,10,17,30,26,5,4,31,24,1,14,36,34,69.73333333,,,,,,
567,10,17,30,37,5,8,31,24,16,13,36,33,70.2,,,,,,
568,7,3,27,23,5,4,32,28,16,13,21,33,68.46666667,,,,,,
569,7,3,27,26,5,8,32,24,1,14,36,34,67.5,,,,,,
570,7,3,27,37,5,4,32,24,16,14,36,33,68.93333333,,,,,,
571,7,3,29,23,5,8,32,28,1,14,21,34,66.16666667,,,,,,
572,7,3,29,26,5,4,32,28,16,13,36,34,69.03333333,,,,,,
573,7,3,29,37,5,8,32,24,1,13,21,33,67.73333333,,,,,,
574,7,3,30,23,5,4,32,24,1,14,36,33,68.4,,,,,,
575,7,3,30,26,5,8,32,28,16,13,21,34,69.03333333,,,,,,
576,7,3,30,37,5,4,32,28,1,13,36,34,68.5,,,,,,
577,7,6,27,23,5,8,32,24,16,13,36,34,67.5,,,,,,
578,7,6,27,26,5,4,32,28,1,14,21,33,66.8,,,,,,
579,7,6,27,37,5,8,32,28,1,13,36,33,67.23333333,,,,,,
580,7,6,29,23,5,4,32,24,16,14,21,34,67.36666667,,,,,,
581,7,6,29,26,5,8,32,24,1,13,21,33,67.16666667,,,,,,
582,7,6,29,37,5,4,32,28,16,14,36,33,68.5,,,,,,
583,7,6,30,23,5,8,32,28,16,14,21,33,67.63333333,,,,,,
584,7,6,30,26,5,4,32,24,1,13,36,34,68.53333333,,,,,,
585,7,6,30,37,5,8,32,24,16,13,21,34,68.06666667,,,,,,
586,7,17,27,23,5,4,32,24,1,13,21,34,67.03333333,,,,,,
587,7,17,27,26,5,8,32,28,16,14,36,33,67.43333333,,,,,,
588,7,17,27,37,5,4,32,28,1,14,21,34,66.63333333,,,,,,
589,7,17,29,23,5,8,32,24,16,13,36,33,67.4,,,,,,
590,7,17,29,26,5,4,32,24,1,14,36,34,67.7,,,,,,
591,7,17,29,37,5,8,32,28,16,13,21,34,67.13333333,,,,,,
592,7,17,30,23,5,4,32,28,16,14,36,34,68.6,,,,,,
593,7,17,30,26,5,8,32,24,1,14,21,33,67.8,,,,,,
594,7,17,30,37,5,4,32,24,16,13,36,33,69.1,,,,,,
595,9,3,27,23,5,8,32,28,1,13,21,34,66.73333333,,,,,,
596,9,3,27,26,5,4,32,24,16,13,36,33,68.36666667,,,,,,
597,9,3,27,37,5,8,32,24,16,14,21,34,67.16666667,,,,,,
598,9,3,29,23,5,4,32,28,16,14,36,34,67.66666667,,,,,,
599,9,3,29,26,5,8,32,28,1,14,21,33,67.16666667,,,,,,
600,9,3,29,37,5,4,32,24,1,13,36,33,67.73333333,,,,,,
601,9,3,30,23,5,8,32,24,16,14,36,33,68.06666667,,,,,,
602,9,3,30,26,5,4,32,28,1,14,21,34,67.5,,,,,,
603,9,3,30,37,5,8,32,28,16,14,36,34,68.63333333,,,,,,
604,9,6,27,23,5,4,32,28,16,13,21,33,68.13333333,,,,,,
605,9,6,27,26,5,8,32,24,1,14,36,33,66.6,,,,,,
606,9,6,27,37,5,4,32,24,1,14,21,34,66.36666667,,,,,,
607,9,6,29,23,5,8,32,28,1,13,36,34,66.1,,,,,,
608,9,6,29,26,5,4,32,28,16,14,21,33,68.26666667,,,,,,
609,9,6,29,37,5,8,32,24,16,13,36,33,68.5,,,,,,
610,9,6,30,23,5,4,32,24,1,13,21,34,67.53333333,,,,,,
611,9,6,30,26,5,8,32,28,16,13,36,34,68.7,,,,,,
612,9,6,30,37,5,4,32,28,16,13,21,33,68.36666667,,,,,,
613,9,17,27,23,5,8,32,24,1,14,36,33,67.36666667,,,,,,
614,9,17,27,26,5,4,32,28,1,13,21,34,66.23333333,,,,,,
615,9,17,27,37,5,8,32,28,16,13,21,33,67.1,,,,,,
616,9,17,29,23,5,4,32,24,16,14,21,33,67.2,,,,,,
617,9,17,29,26,5,8,32,24,16,13,21,34,67.73333333,,,,,,
618,9,17,29,37,5,4,32,28,1,14,36,34,66.96666667,,,,,,
619,9,17,30,23,5,8,32,28,1,13,21,34,67.16666667,,,,,,
620,9,17,30,26,5,4,32,24,16,14,21,34,68.5,,,,,,
621,9,17,30,37,5,8,32,24,1,14,36,33,67.5,,,,,,
622,10,3,27,23,5,4,32,24,16,14,21,33,68.93333333,,,,,,
623,10,3,27,26,5,8,32,28,16,13,36,33,69.2,,,,,,
624,10,3,27,37,5,4,32,28,1,14,21,34,67.26666667,,,,,,
625,10,3,29,23,5,8,32,24,1,14,36,34,67.23333333,,,,,,
626,10,3,29,26,5,4,32,24,1,13,21,33,68.3,,,,,,
627,10,3,29,37,5,8,32,28,16,13,36,34,69.5,,,,,,
628,10,3,30,23,5,4,32,28,16,13,21,34,69.66666667,,,,,,
629,10,3,30,26,5,8,32,24,16,14,36,33,70.53333333,,,,,,
630,10,3,30,37,5,4,32,24,1,14,21,33,68.7,,,,,,
631,10,6,27,23,5,8,32,28,1,13,36,34,68.06666667,,,,,,
632,10,6,27,26,5,4,32,24,16,14,36,34,69.53333333,,,,,,
633,10,6,27,37,5,8,32,24,16,14,21,34,68.13333333,,,,,,
634,10,6,29,23,5,4,32,28,1,14,36,33,68.16666667,,,,,,
635,10,6,29,26,5,8,32,28,16,14,21,34,69,,,,,,
636,10,6,29,37,5,4,32,24,1,13,21,34,68.73333333,,,,,,
637,10,6,30,23,5,8,32,24,1,14,36,34,68.2,,,,,,
638,10,6,30,26,5,4,32,28,1,14,21,33,69.23333333,,,,,,
639,10,6,30,37,5,8,32,28,1,13,36,33,68.96666667,,,,,,
640,10,17,27,23,5,4,32,28,16,14,36,33,69.96666667,,,,,,
641,10,17,27,26,5,8,32,24,1,13,36,34,68.16666667,,,,,,
642,10,17,27,37,5,4,32,24,16,13,21,33,69.2,,,,,,
643,10,17,29,23,5,8,32,28,1,14,21,34,67.6,,,,,,
644,10,17,29,26,5,4,32,28,1,13,36,33,68.86666667,,,,,,
645,10,17,29,37,5,8,32,24,16,14,36,33,69.56666667,,,,,,
646,10,17,30,23,5,4,32,24,1,13,21,34,68.63333333,,,,,,
647,10,17,30,26,5,8,32,28,16,14,21,34,69.56666667,,,,,,
648,10,17,30,37,5,4,32,28,16,14,36,34,69.7,,,,,,
649,7,3,27,23,11,4,22,28,1,14,21,33,66.53333333,,,,,,
650,7,3,27,26,11,8,22,24,16,13,21,34,66.26666667,,,,,,
651,7,3,27,37,11,4,22,24,16,14,36,34,67.93333333,,,,,,
652,7,3,29,23,11,8,22,28,16,13,36,33,67.93333333,,,,,,
653,7,3,29,26,11,4,22,28,1,13,36,34,67.46666667,,,,,,
654,7,3,29,37,11,8,22,24,1,14,21,33,66.53333333,,,,,,
655,7,3,30,23,11,4,22,24,16,13,21,33,68.3,,,,,,
656,7,3,30,26,11,8,22,28,1,14,36,34,67.66666667,,,,,,
657,7,3,30,37,11,4,22,28,1,13,21,34,67.6,,,,,,
658,7,6,27,23,11,8,22,24,1,13,36,34,66.63333333,,,,,,
659,7,6,27,26,11,4,22,28,16,14,21,33,66.76666667,,,,,,
660,7,6,27,37,11,8,22,28,16,13,36,33,66.73333333,,,,,,
661,7,6,29,23,11,4,22,24,16,14,36,33,67.7,,,,,,
662,7,6,29,26,11,8,22,24,1,13,21,33,66.46666667,,,,,,
663,7,6,29,37,11,4,22,28,1,14,36,34,67,,,,,,
664,7,6,30,23,11,8,22,28,16,14,21,34,67.8,,,,,,
665,7,6,30,26,11,4,22,24,1,14,36,33,68.46666667,,,,,,
666,7,6,30,37,11,8,22,24,16,13,21,34,68.23333333,,,,,,
667,7,17,27,23,11,4,22,24,16,13,36,34,67.66666667,,,,,,
668,7,17,27,26,11,8,22,28,1,13,21,33,65.56666667,,,,,,
669,7,17,27,37,11,4,22,28,1,14,36,33,66.46666667,,,,,,
670,7,17,29,23,11,8,22,24,1,14,21,34,65.66666667,,,,,,
671,7,17,29,26,11,4,22,24,16,14,21,34,67.2,,,,,,
672,7,17,29,37,11,8,22,28,16,14,21,33,67.1,,,,,,
673,7,17,30,23,11,4,22,28,1,13,36,33,68.3,,,,,,
674,7,17,30,26,11,8,22,24,16,14,36,33,68.93333333,,,,,,
675,7,17,30,37,11,4,22,24,1,13,21,33,68.5,,,,,,
676,9,3,27,23,11,8,22,28,16,14,36,34,66.73333333,,,,,,
677,9,3,27,26,11,4,22,24,1,13,36,33,66.5,,,,,,
678,9,3,27,37,11,8,22,24,1,13,21,34,65.46666667,,,,,,
679,9,3,29,23,11,4,22,24,1,14,36,34,65.7,,,,,,
680,9,3,29,26,11,8,22,28,16,14,21,33,67.03333333,,,,,,
681,9,3,29,37,11,4,22,28,16,13,21,33,67.2,,,,,,
682,9,3,30,23,11,8,22,24,1,13,36,33,67.3,,,,,,
683,9,3,30,26,11,4,22,28,16,14,36,34,68.2,,,,,,
684,9,3,30,37,11,8,22,28,16,14,36,33,68.8,,,,,,
685,9,6,27,23,11,4,22,28,1,13,21,34,66.26666667,,,,,,
686,9,6,27,26,11,8,22,24,16,14,36,34,66.6,,,,,,
687,9,6,27,37,11,4,22,24,16,13,36,33,67.46666667,,,,,,
688,9,6,29,23,11,8,22,28,1,14,36,33,66,,,,,,
689,9,6,29,26,11,4,22,28,16,13,36,34,67.53333333,,,,,,
690,9,6,29,37,11,8,22,24,16,13,21,34,67.3,,,,,,
691,9,6,30,23,11,4,22,24,16,14,21,33,67.8,,,,,,
692,9,6,30,26,11,8,22,28,1,13,21,34,67.1,,,,,,
693,9,6,30,37,11,4,22,28,1,14,21,33,67.43333333,,,,,,
694,9,17,27,23,11,8,22,24,16,13,21,33,67.46666667,,,,,,
695,9,17,27,26,11,4,22,28,16,13,21,34,66.26666667,,,,,,
696,9,17,27,37,11,8,22,28,1,14,21,34,64.73333333,,,,,,
697,9,17,29,23,11,4,22,28,16,14,36,33,67.43333333,,,,,,
698,9,17,29,26,11,8,22,24,1,14,36,34,66.53333333,,,,,,
699,9,17,29,37,11,4,22,24,1,13,36,34,67.2,,,,,,
700,9,17,30,23,11,8,22,28,16,13,21,34,67.26666667,,,,,,
701,9,17,30,26,11,4,22,24,1,13,21,34,67.46666667,,,,,,
702,9,17,30,37,11,8,22,24,16,14,36,34,68.36666667,,,,,,
703,10,3,27,23,11,4,22,24,1,14,21,34,66.83333333,,,,,,
704,10,3,27,26,11,8,22,28,16,13,36,33,68.26666667,,,,,,
705,10,3,27,37,11,4,22,28,1,13,36,34,65.93333333,,,,,,
706,10,3,29,23,11,8,22,24,16,14,36,34,67.3,,,,,,
707,10,3,29,26,11,4,22,24,16,13,21,33,68.23333333,,,,,,
708,10,3,29,37,11,8,22,28,1,14,21,34,66.46666667,,,,,,
709,10,3,30,23,11,4,22,28,16,14,21,33,69.03333333,,,,,,
710,10,3,30,26,11,8,22,24,1,14,21,33,68.73333333,,,,,,
711,10,3,30,37,11,4,22,24,16,13,36,34,68.9,,,,,,
712,10,6,27,23,11,8,22,28,1,14,36,33,66.8,,,,,,
713,10,6,27,26,11,4,22,24,1,13,21,34,67.1,,,,,,
714,10,6,27,37,11,8,22,24,16,14,21,33,66.86666667,,,,,,
715,10,6,29,23,11,4,22,28,1,13,21,33,66.83333333,,,,,,
716,10,6,29,26,11,8,22,28,16,14,36,34,68.16666667,,,,,,
717,10,6,29,37,11,4,22,24,1,14,36,33,68.3,,,,,,
718,10,6,30,23,11,8,22,24,1,13,21,34,67.56666667,,,,,,
719,10,6,30,26,11,4,22,28,16,13,36,33,69.43333333,,,,,,
720,10,6,30,37,11,8,22,28,1,13,36,34,67.86666667,,,,,,
721,10,17,27,23,11,4,22,28,16,14,21,34,67.16666667,,,,,,
722,10,17,27,26,11,8,22,24,1,14,36,33,67.16666667,,,,,,
723,10,17,27,37,11,4,22,24,16,13,21,33,67.2,,,,,,
724,10,17,29,23,11,8,22,28,1,13,36,34,66.73333333,,,,,,
725,10,17,29,26,11,4,22,28,1,14,21,33,67.03333333,,,,,,
726,10,17,29,37,11,8,22,24,16,13,36,33,68.86666667,,,,,,
727,10,17,30,23,11,4,22,24,1,14,36,34,67.86666667,,,,,,
728,10,17,30,26,11,8,22,28,16,14,21,34,68.73333333,,,,,,
729,10,17,30,37,11,4,22,28,16,14,36,33,69.26666667,,,,,,
730,7,3,27,23,11,8,25,24,1,14,21,33,68.73333333,,,,,,
731,7,3,27,26,11,4,25,28,16,13,36,34,69.8,,,,,,
732,7,3,27,37,11,8,25,28,16,14,21,34,69.36666667,,,,,,
733,7,3,29,23,11,4,25,24,16,13,21,34,69.83333333,,,,,,
734,7,3,29,26,11,8,25,24,1,13,36,33,69.5,,,,,,
735,7,3,29,37,11,4,25,28,1,14,36,33,69.56666667,,,,,,
736,7,3,30,23,11,8,25,28,1,13,21,34,68.96666667,,,,,,
737,7,3,30,26,11,4,25,24,1,14,21,34,68.56666667,,,,,,
738,7,3,30,37,11,8,25,24,1,14,36,34,68.76666667,,,,,,
739,7,6,27,23,11,4,25,28,16,14,36,34,69.26666667,,,,,,
740,7,6,27,26,11,8,25,24,16,13,21,33,68.93333333,,,,,,
741,7,6,27,37,11,4,25,24,1,13,21,34,68.66666667,,,,,,
742,7,6,29,23,11,8,25,28,1,13,21,33,68.56666667,,,,,,
743,7,6,29,26,11,4,25,28,16,14,21,33,69.16666667,,,,,,
744,7,6,29,37,11,8,25,24,16,14,36,34,69.03333333,,,,,,
745,7,6,30,23,11,4,25,24,1,13,36,33,68.6,,,,,,
746,7,6,30,26,11,8,25,28,16,13,36,33,68.93333333,,,,,,
747,7,6,30,37,11,4,25,28,16,14,21,33,69.6,,,,,,
748,7,17,27,23,11,8,25,28,16,13,36,33,69.46666667,,,,,,
749,7,17,27,26,11,4,25,24,1,14,36,34,68.76666667,,,,,,
750,7,17,27,37,11,8,25,24,1,13,36,34,68.53333333,,,,,,
751,7,17,29,23,11,4,25,28,1,14,21,34,68.7,,,,,,
752,7,17,29,26,11,8,25,28,16,13,36,34,68.63333333,,,,,,
753,7,17,29,37,11,4,25,24,16,13,21,33,69.3,,,,,,
754,7,17,30,23,11,8,25,24,16,14,36,33,69.23333333,,,,,,
755,7,17,30,26,11,4,25,28,1,13,21,33,68.66666667,,,,,,
756,7,17,30,37,11,8,25,28,1,14,21,33,68.13333333,,,,,,
757,9,3,27,23,11,4,25,24,16,14,21,33,69.96666667,,,,,,
758,9,3,27,26,11,8,25,28,1,14,36,33,69.03333333,,,,,,
759,9,3,27,37,11,4,25,28,1,13,36,34,68.86666667,,,,,,
760,9,3,29,23,11,8,25,24,16,13,36,34,69.53333333,,,,,,
761,9,3,29,26,11,4,25,24,1,14,21,34,68.26666667,,,,,,
762,9,3,29,37,11,8,25,28,16,13,21,33,69.53333333,,,,,,
763,9,3,30,23,11,4,25,28,1,14,36,34,68.9,,,,,,
764,9,3,30,26,11,8,25,24,16,13,21,34,69.03333333,,,,,,
765,9,3,30,37,11,4,25,24,16,13,36,33,69.5,,,,,,
766,9,6,27,23,11,8,25,24,1,14,21,34,67.76666667,,,,,,
767,9,6,27,26,11,4,25,28,1,14,36,33,68.43333333,,,,,,
768,9,6,27,37,11,8,25,28,16,13,36,33,68.8,,,,,,
769,9,6,29,23,11,4,25,24,16,13,21,34,69.06666667,,,,,,
770,9,6,29,26,11,8,25,24,1,13,36,33,68.23333333,,,,,,
771,9,6,29,37,11,4,25,28,1,14,21,34,68.43333333,,,,,,
772,9,6,30,23,11,8,25,28,16,13,36,34,68.66666667,,,,,,
773,9,6,30,26,11,4,25,24,16,14,21,33,69.33333333,,,,,,
774,9,6,30,37,11,8,25,24,1,14,36,33,68.2,,,,,,
775,9,17,27,23,11,4,25,28,1,13,36,33,68.7,,,,,,
776,9,17,27,26,11,8,25,24,16,14,21,34,68.5,,,,,,
777,9,17,27,37,11,4,25,24,16,14,21,33,68.96666667,,,,,,
778,9,17,29,23,11,8,25,28,16,14,21,33,68.9,,,,,,
779,9,17,29,26,11,4,25,28,1,13,21,33,68.63333333,,,,,,
780,9,17,29,37,11,8,25,24,1,13,36,33,68.23333333,,,,,,
781,9,17,30,23,11,4,25,24,16,13,21,34,68.8,,,,,,
782,9,17,30,26,11,8,25,28,1,14,36,34,68.3,,,,,,
783,9,17,30,37,11,4,25,28,16,13,36,34,69,,,,,,
784,10,3,27,23,11,8,25,28,16,13,21,34,70,,,,,,
785,10,3,27,26,11,4,25,24,16,14,36,34,70.23333333,,,,,,
786,10,3,27,37,11,8,25,24,1,13,21,33,69.46666667,,,,,,
787,10,3,29,23,11,4,25,28,1,14,36,33,68.8,,,,,,
788,10,3,29,26,11,8,25,28,1,13,21,34,68.93333333,,,,,,
789,10,3,29,37,11,4,25,24,16,14,21,34,69.8,,,,,,
790,10,3,30,23,11,8,25,24,16,14,36,33,69.3,,,,,,
791,10,3,30,26,11,4,25,28,1,13,36,33,68.93333333,,,,,,
792,10,3,30,37,11,8,25,28,16,13,21,33,70.16666667,,,,,,
793,10,6,27,23,11,4,25,24,16,13,36,33,70.5,,,,,,
794,10,6,27,26,11,8,25,28,1,14,21,34,68.53333333,,,,,,
795,10,6,27,37,11,4,25,28,16,14,21,34,70.03333333,,,,,,
796,10,6,29,23,11,8,25,24,1,14,21,34,68.36666667,,,,,,
797,10,6,29,26,11,4,25,24,16,13,36,34,70.4,,,,,,
798,10,6,29,37,11,8,25,28,16,13,36,33,69.4,,,,,,
799,10,6,30,23,11,4,25,28,1,14,21,34,68.6,,,,,,
800,10,6,30,26,11,8,25,24,16,13,21,33,69.66666667,,,,,,
801,10,6,30,37,11,4,25,24,1,14,36,34,69.36666667,,,,,,
802,10,17,27,23,11,8,25,24,1,14,21,33,69.16666667,,,,,,
803,10,17,27,26,11,4,25,28,1,13,36,34,69.13333333,,,,,,
804,10,17,27,37,11,8,25,28,16,13,21,34,69.5,,,,,,
805,10,17,29,23,11,4,25,24,16,13,21,33,70.1,,,,,,
806,10,17,29,26,11,8,25,24,1,14,36,33,68.66666667,,,,,,
807,10,17,29,37,11,4,25,28,1,14,36,34,68.8,,,,,,
808,10,17,30,23,11,8,25,28,1,13,36,33,69.1,,,,,,
809,10,17,30,26,11,4,25,24,16,13,36,34,70.13333333,,,,,,
810,10,17,30,37,11,8,25,24,1,13,21,34,69,,,,,,
811,7,3,27,23,11,4,31,28,1,13,36,34,69.3,,,,,,
812,7,3,27,26,11,8,31,24,1,14,21,33,68.6,,,,,,
813,7,3,27,37,11,4,31,24,16,13,21,33,69.5,,,,,,
814,7,3,29,23,11,8,31,24,16,14,36,34,69.46666667,,,,,,
815,7,3,29,26,11,4,31,28,16,14,21,34,69.1,,,,,,
816,7,3,29,37,11,8,31,28,1,13,36,33,69.3,,,,,,
817,7,3,30,23,11,4,31,24,1,14,21,34,67.93333333,,,,,,
818,7,3,30,26,11,8,31,28,16,13,36,33,69.16666667,,,,,,
819,7,3,30,37,11,4,31,28,1,14,36,33,69.16666667,,,,,,
820,7,6,27,23,11,8,31,28,16,14,21,33,69.13333333,,,,,,
821,7,6,27,26,11,4,31,24,1,13,36,34,68.83333333,,,,,,
822,7,6,27,37,11,8,31,24,1,14,36,34,68.23333333,,,,,,
823,7,6,29,23,11,4,31,28,1,13,21,33,68.4,,,,,,
824,7,6,29,26,11,8,31,28,1,14,36,34,67.6,,,,,,
825,7,6,29,37,11,4,31,24,16,14,36,33,69.06666667,,,,,,
826,7,6,30,23,11,8,31,24,16,13,21,34,67.93333333,,,,,,
827,7,6,30,26,11,4,31,28,16,13,21,34,69.06666667,,,,,,
828,7,6,30,37,11,8,31,28,1,13,21,33,68.16666667,,,,,,
829,7,17,27,23,11,4,31,24,16,14,21,34,69.43333333,,,,,,
830,7,17,27,26,11,8,31,28,16,13,36,33,69.13333333,,,,,,
831,7,17,27,37,11,4,31,28,1,14,21,34,67.93333333,,,,,,
832,7,17,29,23,11,8,31,28,1,13,36,33,67.9,,,,,,
833,7,17,29,26,11,4,31,24,1,13,21,33,68.8,,,,,,
834,7,17,29,37,11,8,31,24,16,13,21,34,68.66666667,,,,,,
835,7,17,30,23,11,4,31,28,16,14,36,34,68.6,,,,,,
836,7,17,30,26,11,8,31,24,1,14,36,33,68.26666667,,,,,,
837,7,17,30,37,11,4,31,24,16,13,36,34,69.26666667,,,,,,
838,9,3,27,23,11,8,31,24,1,13,21,34,68.66666667,,,,,,
839,9,3,27,26,11,4,31,28,16,14,36,33,69.7,,,,,,
840,9,3,27,37,11,8,31,28,16,13,21,34,69.13333333,,,,,,
841,9,3,29,23,11,4,31,28,16,13,36,33,68.8,,,,,,
842,9,3,29,26,11,8,31,24,16,13,36,34,69.26666667,,,,,,
843,9,3,29,37,11,4,31,24,1,14,21,33,68.1,,,,,,
844,9,3,30,23,11,8,31,28,1,14,21,33,68.16666667,,,,,,
845,9,3,30,26,11,4,31,24,1,13,36,33,68.43333333,,,,,,
846,9,3,30,37,11,8,31,24,16,14,36,34,68.96666667,,,,,,
847,9,6,27,23,11,4,31,24,16,14,36,34,69.03333333,,,,,,
848,9,6,27,26,11,8,31,28,1,13,21,33,67.4,,,,,,
849,9,6,27,37,11,4,31,28,1,14,36,34,68.43333333,,,,,,
850,9,6,29,23,11,8,31,24,1,14,21,33,67.36666667,,,,,,
851,9,6,29,26,11,4,31,28,16,14,21,34,68.26666667,,,,,,
852,9,6,29,37,11,8,31,28,16,13,36,33,68.43333333,,,,,,
853,9,6,30,23,11,4,31,28,1,13,36,34,67.56666667,,,,,,
854,9,6,30,26,11,8,31,24,16,14,21,33,68.2,,,,,,
855,9,6,30,37,11,4,31,24,1,13,21,34,68.13333333,,,,,,
856,9,17,27,23,11,8,31,28,16,14,36,34,68.7,,,,,,
857,9,17,27,26,11,4,31,24,16,13,36,33,68.53333333,,,,,,
858,9,17,27,37,11,8,31,24,1,13,21,33,67.83333333,,,,,,
859,9,17,29,23,11,4,31,24,1,14,36,34,68.13333333,,,,,,
860,9,17,29,26,11,8,31,28,16,14,21,33,68.13333333,,,,,,
861,9,17,29,37,11,4,31,28,16,14,36,34,68.5,,,,,,
862,9,17,30,23,11,8,31,24,1,13,21,33,67.53333333,,,,,,
863,9,17,30,26,11,4,31,28,1,14,21,34,68.1,,,,,,
864,9,17,30,37,11,8,31,28,16,14,21,33,68.3,,,,,,
865,10,3,27,23,11,4,31,24,16,14,36,33,69.86666667,,,,,,
866,10,3,27,26,11,8,31,28,1,14,21,34,68.7,,,,,,
867,10,3,27,37,11,4,31,28,1,13,36,33,69.1,,,,,,
868,10,3,29,23,11,8,31,28,1,13,21,33,68.86666667,,,,,,
869,10,3,29,26,11,4,31,24,1,14,36,34,68.36666667,,,,,,
870,10,3,29,37,11,8,31,24,16,13,21,34,69.4,,,,,,
871,10,3,30,23,11,4,31,24,1,13,21,34,68.13333333,,,,,,
872,10,3,30,26,11,8,31,28,16,14,36,33,69.46666667,,,,,,
873,10,3,30,37,11,4,31,24,16,14,21,33,69.63333333,,,,,,
874,10,6,27,23,11,8,31,24,1,13,36,34,69.1,,,,,,
875,10,6,27,26,11,4,31,28,16,13,21,33,69.7,,,,,,
876,10,6,27,37,11,8,31,28,16,14,21,34,68.63333333,,,,,,
877,10,6,29,23,11,4,31,28,16,14,36,34,68.8,,,,,,
878,10,6,29,26,11,8,31,24,1,13,21,33,68.36666667,,,,,,
879,10,6,29,37,11,4,31,24,1,13,21,34,68.86666667,,,,,,
880,10,6,30,23,11,8,31,28,16,14,36,33,68.8,,,,,,
881,10,6,30,26,11,4,31,24,1,14,36,34,68.8,,,,,,
882,10,6,30,37,11,8,31,28,1,13,21,33,68.53333333,,,,,,
883,10,17,27,23,11,4,31,28,1,13,21,34,68.7,,,,,,
884,10,17,27,26,11,8,31,24,16,13,36,34,69.4,,,,,,
885,10,17,27,37,11,4,31,24,16,14,36,33,70.13333333,,,,,,
886,10,17,29,23,11,8,31,24,16,14,21,33,68.93333333,,,,,,
887,10,17,29,26,11,4,31,28,16,13,36,33,69.56666667,,,,,,
888,10,17,29,37,11,8,31,28,1,14,36,34,68.06666667,,,,,,
889,10,17,30,23,11,4,31,28,16,13,21,34,69.23333333,,,,,,
890,10,17,30,26,11,8,31,24,1,13,21,34,68.56666667,,,,,,
891,10,17,30,37,11,8,31,28,1,14,21,33,68.53333333,,,,,,
892,7,3,27,23,11,4,32,24,16,13,21,34,68.23333333,,,,,,
893,7,3,27,26,11,8,32,28,1,14,21,33,66.7,,,,,,
894,7,3,27,37,11,4,32,28,1,13,36,34,66.93333333,,,,,,
895,7,3,29,23,11,8,32,24,1,13,36,33,67.06666667,,,,,,
896,7,3,29,26,11,4,32,24,16,14,36,33,69.4,,,,,,
897,7,3,29,37,11,8,32,28,16,14,21,34,67.63333333,,,,,,
898,7,3,30,23,11,4,32,28,1,14,21,33,68.5,,,,,,
899,7,3,30,26,11,8,32,24,16,13,21,34,69.23333333,,,,,,
900,7,3,30,37,11,4,32,24,16,14,36,34,69.46666667,,,,,,
901,7,6,27,23,11,8,32,28,16,13,36,33,68.23333333,,,,,,
902,7,6,27,26,11,4,32,24,1,13,21,33,66.9,,,,,,
903,7,6,27,37,11,8,32,24,1,14,36,34,67.26666667,,,,,,
904,7,6,29,23,11,4,32,28,1,14,36,34,66.8,,,,,,
905,7,6,29,26,11,8,32,28,16,13,21,33,67.63333333,,,,,,
906,7,6,29,37,11,4,32,24,16,13,21,34,68.43333333,,,,,,
907,7,6,30,23,11,8,32,24,1,14,21,34,66.63333333,,,,,,
908,7,6,30,26,11,4,32,28,16,14,36,34,69.33333333,,,,,,
909,7,6,30,37,11,8,32,28,1,13,21,33,67.93333333,,,,,,
910,7,17,27,23,11,4,32,28,1,14,36,33,67.86666667,,,,,,
911,7,17,27,26,11,8,32,24,16,13,36,34,68,,,,,,
912,7,17,27,37,11,4,32,24,16,14,21,33,67.6,,,,,,
913,7,17,29,23,11,8,32,28,16,14,21,33,67.2,,,,,,
914,7,17,29,26,11,4,32,28,1,13,21,34,66.96666667,,,,,,
915,7,17,29,37,11,8,32,24,1,14,36,33,67.26666667,,,,,,
916,7,17,30,23,11,4,32,24,16,13,36,33,68.76666667,,,,,,
917,7,17,30,26,11,8,32,28,1,14,36,34,67.83333333,,,,,,
918,7,17,30,37,11,4,32,28,16,13,21,34,68.86666667,,,,,,
919,9,3,27,23,11,8,32,24,1,14,36,34,67.06666667,,,,,,
920,9,3,27,26,11,4,32,28,16,13,36,33,68.1,,,,,,
921,9,3,27,37,11,8,32,28,16,14,21,33,67.03333333,,,,,,
922,9,3,29,23,11,4,32,28,1,13,21,34,66.8,,,,,,
923,9,3,29,26,11,8,32,24,1,13,36,34,67.83333333,,,,,,
924,9,3,29,37,11,4,32,24,1,14,21,33,67.6,,,,,,
925,9,3,30,23,11,8,32,28,16,13,36,33,68.26666667,,,,,,
926,9,3,30,26,11,4,32,24,1,14,21,33,67.8,,,,,,
927,9,3,30,37,11,8,32,24,1,13,36,34,68.23333333,,,,,,
928,9,6,27,23,11,4,32,24,16,14,21,33,67.9,,,,,,
929,9,6,27,26,11,8,32,28,1,14,21,34,66.03333333,,,,,,
930,9,6,27,37,11,4,32,28,1,13,36,33,67.3,,,,,,
931,9,6,29,23,11,8,32,24,16,14,36,34,67.06666667,,,,,,
932,9,6,29,26,11,4,32,24,16,13,36,33,68.43333333,,,,,,
933,9,6,29,37,11,8,32,28,1,14,36,33,66.76666667,,,,,,
934,9,6,30,23,11,4,32,28,16,14,21,34,67.73333333,,,,,,
935,9,6,30,26,11,8,32,24,16,13,21,33,68.26666667,,,,,,
936,9,6,30,37,11,4,32,24,16,14,36,33,69.36666667,,,,,,
937,9,17,27,23,11,8,32,28,1,13,21,34,66.53333333,,,,,,
938,9,17,27,26,11,4,32,24,1,14,21,34,66.96666667,,,,,,
939,9,17,27,37,11,8,32,28,16,14,36,34,67.13333333,,,,,,
940,9,17,29,23,11,4,32,24,16,13,36,34,67.83333333,,,,,,
941,9,17,29,26,11,8,32,28,16,14,21,33,67.3,,,,,,
942,9,17,29,37,11,4,32,28,1,13,21,33,67.2,,,,,,
943,9,17,30,23,11,8,32,24,1,14,21,33,66.1,,,,,,
944,9,17,30,26,11,4,32,28,16,13,36,33,69.2,,,,,,
945,9,17,30,37,11,8,32,24,16,13,21,34,67.93333333,,,,,,
946,10,3,27,23,11,4,32,28,1,13,36,34,67,,,,,,
947,10,3,27,26,11,8,32,24,1,14,21,33,67.53333333,,,,,,
948,10,3,27,37,11,4,32,24,16,13,36,33,68.06666667,,,,,,
949,10,3,29,23,11,8,32,28,16,14,21,34,67.66666667,,,,,,
950,10,3,29,26,11,4,32,28,16,13,36,33,68.93333333,,,,,,
951,10,3,29,37,11,8,32,24,1,13,36,34,68.6,,,,,,
952,10,3,30,23,11,4,32,24,1,14,36,33,67.63333333,,,,,,
953,10,3,30,26,11,8,32,28,1,13,21,34,68.53333333,,,,,,
954,10,3,30,37,11,4,32,28,16,14,21,34,69.3,,,,,,
955,10,6,27,23,11,8,32,24,16,13,21,34,67.9,,,,,,
956,10,6,27,26,11,4,32,28,16,14,36,33,68.43333333,,,,,,
957,10,6,27,37,11,8,32,28,1,14,21,33,67.16666667,,,,,,
958,10,6,29,23,11,4,32,24,1,13,21,33,67.2,,,,,,
959,10,6,29,26,11,8,32,24,16,14,36,34,68.7,,,,,,
960,10,6,29,37,11,4,32,28,16,14,36,34,68.83333333,,,,,,
961,10,6,30,23,11,8,32,28,16,13,36,33,68.53333333,,,,,,
962,10,6,30,26,11,4,32,24,1,13,36,34,68.86666667,,,,,,
963,10,6,30,37,11,8,32,24,16,14,21,33,68.86666667,,,,,,
964,10,17,27,23,11,4,32,24,1,13,36,33,68.46666667,,,,,,
965,10,17,27,26,11,8,32,28,16,14,21,33,67.46666667,,,,,,
966,10,17,27,37,11,4,32,28,1,13,21,34,67.4,,,,,,
967,10,17,29,23,11,8,32,24,1,14,36,34,66.8,,,,,,
968,10,17,29,26,11,4,32,24,16,13,21,34,68.76666667,,,,,,
969,10,17,29,37,11,8,32,28,1,13,21,33,67.76666667,,,,,,
970,10,17,30,23,11,4,32,28,16,14,21,34,68.56666667,,,,,,
971,10,17,30,26,11,8,32,24,1,13,36,33,68.7,,,,,,
972,10,17,30,37,11,4,32,24,1,14,36,33,68.96666667,,,,,,
973,7,3,27,23,12,4,22,28,16,14,21,34,66.5,,,,,,
974,7,3,27,26,12,8,22,24,1,13,36,33,66.96666667,,,,,,
975,7,3,27,37,12,4,22,24,1,14,21,33,66.43333333,,,,,,
976,7,3,29,23,12,8,22,28,1,14,36,34,66.4,,,,,,
977,7,3,29,26,12,4,22,28,16,13,36,33,68.3,,,,,,
978,7,3,29,37,12,8,22,24,16,13,21,34,67.33333333,,,,,,
979,7,3,30,23,12,4,22,24,1,13,36,34,67.6,,,,,,
980,7,3,30,26,12,8,22,28,16,14,21,33,68.2,,,,,,
981,7,3,30,37,12,4,22,28,1,13,21,33,67.56666667,,,,,,
982,7,6,27,23,12,8,22,24,16,14,36,33,67.53333333,,,,,,
983,7,6,27,26,12,4,22,28,1,14,36,34,66.66666667,,,,,,
984,7,6,27,37,12,8,22,28,16,13,21,34,66.8,,,,,,
985,7,6,29,23,12,4,22,24,1,13,21,33,66.93333333,,,,,,
986,7,6,29,26,12,8,22,24,16,14,21,34,67.43333333,,,,,,
987,7,6,29,37,12,4,22,28,16,14,36,33,68.36666667,,,,,,
988,7,6,30,23,12,8,22,28,1,13,36,33,67.83333333,,,,,,
989,7,6,30,26,12,4,22,24,16,13,21,34,68.66666667,,,,,,
990,7,6,30,37,12,8,22,24,1,14,36,34,67.73333333,,,,,,
991,7,17,27,23,12,4,22,24,1,13,21,34,67.06666667,,,,,,
992,7,17,27,26,12,8,22,28,16,13,36,34,67.2,,,,,,
993,7,17,27,37,12,4,22,28,16,14,36,33,68,,,,,,
994,7,17,29,23,12,8,22,24,16,13,36,33,67.16666667,,,,,,
995,7,17,29,26,12,4,22,24,1,14,36,33,67.96666667,,,,,,
996,7,17,29,37,12,8,22,28,1,13,21,33,66.7,,,,,,
997,7,17,30,23,12,4,22,28,16,14,36,34,68.73333333,,,,,,
998,7,17,30,26,12,8,22,24,1,14,21,34,67.56666667,,,,,,
999,7,17,30,37,12,4,22,24,16,13,36,33,69.2,,,,,,
1000,9,3,27,23,12,8,22,28,1,13,21,33,66.36666667,,,,,,
1001,9,3,27,26,12,4,22,24,16,14,36,34,67.33333333,,,,,,
1002,9,3,27,37,12,8,22,24,16,14,21,33,65.9,,,,,,
1003,9,3,29,23,12,4,22,24,16,13,21,34,66.46666667,,,,,,
1004,9,3,29,26,12,8,22,28,1,14,21,34,65.93333333,,,,,,
1005,9,3,29,37,12,4,22,28,1,14,36,34,66.56666667,,,,,,
1006,9,3,30,23,12,8,22,24,16,14,36,33,67.9,,,,,,
1007,9,3,30,26,12,4,22,28,1,13,36,33,67.66666667,,,,,,
1008,9,3,30,37,12,8,22,28,16,13,36,34,68.3,,,,,,
1009,9,6,27,23,12,4,22,28,16,13,36,33,67.86666667,,,,,,
1010,9,6,27,26,12,8,22,24,1,13,21,34,65.9,,,,,,
1011,9,6,27,37,12,4,22,24,1,13,36,33,67.1,,,,,,
1012,9,6,29,23,12,8,22,28,16,14,21,33,66.93333333,,,,,,
1013,9,6,29,26,12,4,22,28,1,13,21,34,66,,,,,,
1014,9,6,29,37,12,8,22,24,1,14,36,33,67.3,,,,,,
1015,9,6,30,23,12,4,22,24,1,14,21,34,67.16666667,,,,,,
1016,9,6,30,26,12,8,22,28,16,14,36,34,67.76666667,,,,,,
1017,9,6,30,37,12,4,22,28,16,14,21,33,68.36666667,,,,,,
1018,9,17,27,23,12,8,22,24,1,14,36,34,66.33333333,,,,,,
1019,9,17,27,26,12,4,22,28,1,13,21,33,66.23333333,,,,,,
1020,9,17,27,37,12,8,22,28,16,14,21,34,65.8,,,,,,
1021,9,17,29,23,12,4,22,28,1,14,21,33,66.46666667,,,,,,
1022,9,17,29,26,12,8,22,24,16,13,21,33,67.46666667,,,,,,
1023,9,17,29,37,12,4,22,24,16,14,21,34,67.63333333,,,,,,
1024,9,17,30,23,12,8,22,28,1,13,21,34,66.93333333,,,,,,
1025,9,17,30,26,12,4,22,24,16,14,36,33,68.93333333,,,,,,
1026,9,17,30,37,12,8,22,24,1,13,36,34,67.6,,,,,,
1027,10,3,27,23,12,4,22,24,1,14,36,33,66.13333333,,,,,,
1028,10,3,27,26,12,8,22,28,16,13,21,34,66.1,,,,,,
1029,10,3,27,37,12,4,22,28,1,13,36,34,65.5,,,,,,
1030,10,3,29,23,12,8,22,24,1,13,21,33,65.6,,,,,,
1031,10,3,29,26,12,4,22,24,16,14,21,33,67.6,,,,,,
1032,10,3,29,37,12,8,22,28,16,14,36,33,68.63333333,,,,,,
1033,10,3,30,23,12,4,22,28,16,13,21,33,68.36666667,,,,,,
1034,10,3,30,26,12,8,22,24,1,14,36,34,67.43333333,,,,,,
1035,10,3,30,37,12,4,22,24,16,14,21,34,68.2,,,,,,
1036,10,6,27,23,12,8,22,28,1,14,21,34,65.66666667,,,,,,
1037,10,6,27,26,12,4,22,24,16,13,36,33,67.83333333,,,,,,
1038,10,6,27,37,12,8,22,24,1,13,21,33,65.93333333,,,,,,
1039,10,6,29,23,12,4,22,28,1,13,36,34,66.4,,,,,,
1040,10,6,29,26,12,8,22,28,1,13,36,33,67.43333333,,,,,,
1041,10,6,29,37,12,4,22,24,16,13,21,34,67.93333333,,,,,,
1042,10,6,30,23,12,8,22,24,16,13,36,34,67.76666667,,,,,,
1043,10,6,30,26,12,4,22,28,1,14,21,33,68,,,,,,
1044,10,6,30,37,12,8,22,28,1,14,21,34,66.6,,,,,,
1045,10,17,27,23,12,4,22,28,16,14,21,33,66.7,,,,,,
1046,10,17,27,26,12,8,22,24,16,14,36,33,67.66666667,,,,,,
1047,10,17,27,37,12,4,22,24,1,14,21,34,66.26666667,,,,,,
1048,10,17,29,23,12,8,22,28,16,13,21,34,66.43333333,,,,,,
1049,10,17,29,26,12,4,22,28,16,14,36,34,67.63333333,,,,,,
1050,10,17,29,37,12,8,22,24,1,14,36,34,67.03333333,,,,,,
1051,10,17,30,23,12,4,22,24,1,13,36,33,67.76666667,,,,,,
1052,10,17,30,26,12,8,22,28,16,13,21,33,68.5,,,,,,
1053,10,17,30,37,12,4,22,28,1,13,36,34,67.9,,,,,,
1054,7,3,27,23,12,8,25,24,16,13,21,34,69.6,,,,,,
1055,7,3,27,26,12,4,25,28,1,14,21,33,68.9,,,,,,
1056,7,3,27,37,12,8,25,28,1,14,36,34,69.23333333,,,,,,
1057,7,3,29,23,12,4,25,24,1,14,36,33,69.3,,,,,,
1058,7,3,29,26,12,8,25,24,16,14,36,34,69.63333333,,,,,,
1059,7,3,29,37,12,4,25,28,16,13,21,34,69.3,,,,,,
1060,7,3,30,23,12,8,25,28,16,13,36,33,69.93333333,,,,,,
1061,7,3,30,26,12,4,25,24,16,13,21,33,69.4,,,,,,
1062,7,3,30,37,12,8,25,24,1,13,21,33,68.63333333,,,,,,
1063,7,6,27,23,12,4,25,28,1,13,36,34,68.86666667,,,,,,
1064,7,6,27,26,12,8,25,24,1,14,21,33,68.33333333,,,,,,
1065,7,6,27,37,12,4,25,24,16,14,36,34,69.56666667,,,,,,
1066,7,6,29,23,12,8,25,28,16,14,21,34,68.66666667,,,,,,
1067,7,6,29,26,12,4,25,28,1,13,36,33,68.63333333,,,,,,
1068,7,6,29,37,12,8,25,24,1,13,36,34,68.5,,,,,,
1069,7,6,30,23,12,4,25,24,16,14,21,33,69.23333333,,,,,,
1070,7,6,30,26,12,8,25,28,1,13,21,34,68.36666667,,,,,,
1071,7,6,30,37,12,4,25,28,1,14,36,33,69.2,,,,,,
1072,7,17,27,23,12,8,25,28,1,14,36,33,68.96666667,,,,,,
1073,7,17,27,26,12,4,25,24,16,13,21,34,68.9,,,,,,
1074,7,17,27,37,12,8,25,24,16,13,36,33,69.66666667,,,,,,
1075,7,17,29,23,12,4,25,28,16,13,36,34,69.13333333,,,,,,
1076,7,17,29,26,12,8,25,28,1,14,21,33,68.03333333,,,,,,
1077,7,17,29,37,12,4,25,24,1,14,21,34,68.53333333,,,,,,
1078,7,17,30,23,12,8,25,24,1,14,21,34,68.06666667,,,,,,
1079,7,17,30,26,12,4,25,28,1,13,36,34,68.86666667,,,,,,
1080,7,17,30,37,12,8,25,28,16,14,21,33,68.86666667,,,,,,
1081,9,3,27,23,12,4,25,24,1,13,36,34,68.7,,,,,,
1082,9,3,27,26,12,8,25,28,16,13,36,33,69.66666667,,,,,,
1083,9,3,27,37,12,4,25,28,16,14,21,33,69.3,,,,,,
1084,9,3,29,23,12,8,25,24,1,13,21,33,68.56666667,,,,,,
1085,9,3,29,26,12,4,25,24,1,14,36,34,68.56666667,,,,,,
1086,9,3,29,37,12,8,25,28,1,13,36,33,68.53333333,,,,,,
1087,9,3,30,23,12,4,25,28,1,14,21,34,68.26666667,,,,,,
1088,9,3,30,26,12,8,25,24,1,13,21,34,68.23333333,,,,,,
1089,9,3,30,37,12,4,25,24,16,13,36,34,68.83333333,,,,,,
1090,9,6,27,23,12,8,25,24,16,14,36,34,69.16666667,,,,,,
1091,9,6,27,26,12,4,25,28,16,14,21,33,69.3,,,,,,
1092,9,6,27,37,12,8,25,28,1,13,21,34,67.56666667,,,,,,
1093,9,6,29,23,12,4,25,24,16,13,36,33,69.83333333,,,,,,
1094,9,6,29,26,12,8,25,24,16,13,21,34,68.7,,,,,,
1095,9,6,29,37,12,4,25,28,16,14,36,34,68.9,,,,,,
1096,9,6,30,23,12,8,25,28,16,13,21,33,68.96666667,,,,,,
1097,9,6,30,26,12,4,25,24,1,14,36,33,68.73333333,,,,,,
1098,9,6,30,37,12,8,25,24,16,14,21,33,68.7,,,,,,
1099,9,17,27,23,12,4,25,24,16,14,21,33,69.73333333,,,,,,
1100,9,17,27,26,12,8,25,28,1,14,36,34,68,,,,,,
1101,9,17,27,37,12,4,25,28,1,13,36,33,68.53333333,,,,,,
1102,9,17,29,23,12,8,25,24,1,13,36,34,67.96666667,,,,,,
1103,9,17,29,26,12,4,25,28,16,13,21,33,69.1,,,,,,
1104,9,17,29,37,12,8,25,28,16,14,36,33,68.53333333,,,,,,
1105,9,17,30,23,12,4,25,24,16,13,21,34,68.8,,,,,,
1106,9,17,30,26,12,8,25,24,16,14,36,34,69.03333333,,,,,,
1107,9,17,30,37,12,4,25,28,1,14,21,33,68.3,,,,,,
1108,10,3,27,23,12,8,25,28,16,14,36,34,69.53333333,,,,,,
1109,10,3,27,26,12,4,25,24,1,13,21,34,68.1,,,,,,
1110,10,3,27,37,12,8,25,24,16,13,36,33,69.83333333,,,,,,
1111,10,3,29,23,12,4,25,28,1,14,21,33,68.03333333,,,,,,
1112,10,3,29,26,12,8,25,28,16,13,21,34,69.36666667,,,,,,
1113,10,3,29,37,12,4,25,24,1,14,36,33,68.16666667,,,,,,
1114,10,3,30,23,12,8,25,24,1,13,21,34,68,,,,,,
1115,10,3,30,26,12,4,25,28,16,14,36,33,69.1,,,,,,
1116,10,3,30,37,12,8,25,28,1,14,36,33,68.06666667,,,,,,
1117,10,6,27,23,12,4,25,24,16,14,21,34,69.8,,,,,,
1118,10,6,27,26,12,8,25,28,1,14,36,33,68.06666667,,,,,,
1119,10,6,27,37,12,4,25,28,16,13,21,33,69.83333333,,,,,,
1120,10,6,29,23,12,8,25,24,1,14,36,33,68.46666667,,,,,,
1121,10,6,29,26,12,4,25,24,16,14,21,34,69.63333333,,,,,,
1122,10,6,29,37,12,8,25,28,16,13,36,34,68.9,,,,,,
1123,10,6,30,23,12,4,25,28,1,13,36,34,68.46666667,,,,,,
1124,10,6,30,26,12,8,25,24,16,13,36,33,69.23333333,,,,,,
1125,10,6,30,37,12,4,25,24,1,13,21,34,68.4,,,,,,
1126,10,17,27,23,12,8,25,24,1,13,21,33,68.9,,,,,,
1127,10,17,27,26,12,4,25,28,1,14,21,34,68.7,,,,,,
1128,10,17,27,37,12,8,25,28,16,14,21,33,69.4,,,,,,
1129,10,17,29,23,12,4,25,24,16,13,36,33,69.53333333,,,,,,
1130,10,17,29,26,12,8,25,24,1,13,36,34,68.36666667,,,,,,
1131,10,17,29,37,12,4,25,28,1,13,21,33,68.6,,,,,,
1132,10,17,30,23,12,8,25,28,16,14,36,33,69.36666667,,,,,,
1133,10,17,30,26,12,4,25,24,16,14,21,34,69.3,,,,,,
1134,10,17,30,37,12,8,25,24,16,13,21,33,69.16666667,,,,,,
1135,7,3,27,23,12,4,31,28,1,13,21,33,68.86666667,,,,,,
1136,7,3,27,26,12,8,31,24,16,14,36,34,69.5,,,,,,
1137,7,3,27,37,12,4,31,24,16,13,36,33,69.3,,,,,,
1138,7,3,29,23,12,8,31,28,16,13,36,34,68.76666667,,,,,,
1139,7,3,29,26,12,4,31,28,1,14,21,34,68.13333333,,,,,,
1140,7,3,29,37,12,8,31,24,1,14,21,33,68.23333333,,,,,,
1141,7,3,30,23,12,4,31,24,1,14,36,34,68.26666667,,,,,,
1142,7,3,30,26,12,8,31,28,1,13,36,33,68.6,,,,,,
1143,7,3,30,37,12,4,31,28,16,14,21,34,68.53333333,,,,,,
1144,7,6,27,23,12,8,31,24,1,13,21,34,68.66666667,,,,,,
1145,7,6,27,26,12,4,31,28,16,13,36,34,68.86666667,,,,,,
1146,7,6,27,37,12,8,31,28,16,14,21,33,68.5,,,,,,
1147,7,6,29,23,12,4,31,24,16,14,21,33,69.06666667,,,,,,
1148,7,6,29,26,12,8,31,24,1,13,36,33,68.8,,,,,,
1149,7,6,29,37,12,4,31,28,1,13,36,34,68.33333333,,,,,,
1150,7,6,30,23,12,8,31,28,16,14,36,33,68.66666667,,,,,,
1151,7,6,30,26,12,4,31,24,16,13,21,33,68.9,,,,,,
1152,7,6,30,37,12,8,31,24,1,13,21,34,67.9,,,,,,
1153,7,17,27,23,12,4,31,24,16,14,36,34,69.63333333,,,,,,
1154,7,17,27,26,12,8,31,28,1,14,21,33,68.23333333,,,,,,
1155,7,17,27,37,12,4,31,28,1,13,36,34,68.63333333,,,,,,
1156,7,17,29,23,12,8,31,24,1,13,21,34,68.06666667,,,,,,
1157,7,17,29,26,12,4,31,24,16,13,21,33,68.96666667,,,,,,
1158,7,17,29,37,12,8,31,28,16,14,36,33,68.36666667,,,,,,
1159,7,17,30,23,12,4,31,28,1,13,21,33,68.2,,,,,,
1160,7,17,30,26,12,8,31,24,16,14,36,34,68.66666667,,,,,,
1161,7,17,30,37,12,4,31,24,1,14,36,33,69.06666667,,,,,,
1162,9,3,27,23,12,8,31,28,16,14,21,34,68.63333333,,,,,,
1163,9,3,27,26,12,4,31,24,1,13,21,34,67.76666667,,,,,,
1164,9,3,27,37,12,8,31,24,1,14,36,33,69.03333333,,,,,,
1165,9,3,29,23,12,4,31,28,16,13,36,33,68.83333333,,,,,,
1166,9,3,29,26,12,8,31,28,16,14,21,33,68.66666667,,,,,,
1167,9,3,29,37,12,4,31,24,16,13,21,34,68.26666667,,,,,,
1168,9,3,30,23,12,8,31,24,16,13,21,33,68.1,,,,,,
1169,9,3,30,26,12,4,31,28,1,14,36,34,67.96666667,,,,,,
1170,9,3,30,37,12,8,31,28,1,13,21,34,67.86666667,,,,,,
1171,9,6,27,23,12,4,31,28,1,14,36,33,68.2,,,,,,
1172,9,6,27,26,12,8,31,24,16,14,36,34,68.63333333,,,,,,
1173,9,6,27,37,12,4,31,24,16,13,21,33,68.63333333,,,,,,
1174,9,6,29,23,12,8,31,28,1,13,21,34,67.3,,,,,,
1175,9,6,29,26,12,4,31,28,16,14,36,33,68.63333333,,,,,,
1176,9,6,29,37,12,8,31,24,16,14,36,34,68.4,,,,,,
1177,9,6,30,23,12,4,31,24,1,14,21,34,67.03333333,,,,,,
1178,9,6,30,26,12,8,31,28,1,13,36,34,67.66666667,,,,,,
1179,9,6,30,37,12,4,31,28,16,13,36,33,69,,,,,,
1180,9,17,27,23,12,8,31,28,16,13,36,33,69.2,,,,,,
1181,9,17,27,26,12,4,31,24,1,14,21,34,68.06666667,,,,,,
1182,9,17,27,37,12,8,31,24,1,13,21,34,67.6,,,,,,
1183,9,17,29,23,12,4,31,28,1,14,36,34,67.73333333,,,,,,
1184,9,17,29,26,12,8,31,24,1,14,36,33,68,,,,,,
1185,9,17,29,37,12,4,31,28,16,13,21,33,68.43333333,,,,,,
1186,9,17,30,23,12,8,31,24,16,14,21,34,67.9,,,,,,
1187,9,17,30,26,12,4,31,28,16,13,36,34,69.13333333,,,,,,
1188,9,17,30,37,12,8,31,28,16,14,36,34,68.03333333,,,,,,
1189,10,3,27,23,12,4,31,24,16,13,36,34,69.26666667,,,,,,
1190,10,3,27,26,12,8,31,28,1,14,21,33,67.86666667,,,,,,
1191,10,3,27,37,12,4,31,28,1,14,36,34,67.5,,,,,,
1192,10,3,29,23,12,8,31,24,1,14,36,33,68,,,,,,
1193,10,3,29,26,12,4,31,24,1,13,21,34,67.23333333,,,,,,
1194,10,3,29,37,12,8,31,28,16,13,21,33,68.7,,,,,,
1195,10,3,30,23,12,4,31,28,1,14,21,33,67.96666667,,,,,,
1196,10,3,30,26,12,8,31,24,16,13,36,34,68.36666667,,,,,,
1197,10,3,30,37,12,4,31,24,16,14,21,33,68.5,,,,,,
1198,10,6,27,23,12,8,31,28,16,13,36,33,69.46666667,,,,,,
1199,10,6,27,26,12,4,31,24,1,14,36,33,68.93333333,,,,,,
1200,10,6,27,37,12,8,31,24,1,14,21,34,67.46666667,,,,,,
1201,10,6,29,23,12,4,31,28,16,14,21,34,68.9,,,,,,
1202,10,6,29,26,12,8,31,28,16,14,21,34,68.1,,,,,,
1203,10,6,29,37,12,4,31,24,16,13,36,33,69.23333333,,,,,,
1204,10,6,30,23,12,8,31,24,1,13,21,33,67.36666667,,,,,,
1205,10,6,30,26,12,4,31,28,16,13,21,34,68.96666667,,,,,,
1206,10,6,30,37,12,8,31,28,1,14,36,33,68.03333333,,,,,,
1207,10,17,27,23,12,4,31,24,1,14,36,34,68.6,,,,,,
1208,10,17,27,26,12,8,31,28,16,13,21,34,68.53333333,,,,,,
1209,10,17,27,37,12,4,31,28,16,13,36,33,69.53333333,,,,,,
1210,10,17,29,23,12,8,31,24,16,14,21,33,68.93333333,,,,,,
1211,10,17,29,26,12,4,31,28,1,13,36,33,68.3,,,,,,
1212,10,17,29,37,12,8,31,24,1,13,36,34,68.23333333,,,,,,
1213,10,17,30,23,12,4,31,28,16,14,36,34,68.23333333,,,,,,
1214,10,17,30,26,12,8,31,24,1,13,21,33,68.03333333,,,,,,
1215,10,17,30,37,12,4,31,24,16,14,21,34,68.9,,,,,,
1216,7,3,27,23,12,4,32,24,1,14,21,33,67.4,,,,,,
1217,7,3,27,26,12,8,32,28,16,13,36,34,67.33333333,,,,,,
1218,7,3,27,37,12,4,32,28,1,13,21,34,66.83333333,,,,,,
1219,7,3,29,23,12,8,32,24,16,14,36,34,67.23333333,,,,,,
1220,7,3,29,26,12,4,32,24,1,13,36,33,68.4,,,,,,
1221,7,3,29,37,12,8,32,28,1,14,21,33,67.53333333,,,,,,
1222,7,3,30,23,12,4,32,28,16,13,21,33,68.86666667,,,,,,
1223,7,3,30,26,12,8,32,24,1,14,21,34,68.4,,,,,,
1224,7,3,30,37,12,4,32,24,16,14,36,33,69.4,,,,,,
1225,7,6,27,23,12,8,32,28,1,14,36,33,67.5,,,,,,
1226,7,6,27,26,12,4,32,24,16,14,21,34,67.36666667,,,,,,
1227,7,6,27,37,12,8,32,24,16,13,21,33,67.76666667,,,,,,
1228,7,6,29,23,12,4,32,28,16,13,36,34,68.26666667,,,,,,
1229,7,6,29,26,12,8,32,28,1,13,21,34,66.96666667,,,,,,
1230,7,6,29,37,12,4,32,24,1,14,21,34,67.46666667,,,,,,
1231,7,6,30,23,12,8,32,24,1,13,36,34,67.23333333,,,,,,
1232,7,6,30,26,12,4,32,28,1,14,36,33,68.7,,,,,,
1233,7,6,30,37,12,8,32,28,16,14,21,34,68.3,,,,,,
1234,7,17,27,23,12,4,32,28,16,14,36,34,68.46666667,,,,,,
1235,7,17,27,26,12,8,32,24,1,13,36,33,67.8,,,,,,
1236,7,17,27,37,12,4,32,24,1,14,36,34,67.7,,,,,,
1237,7,17,29,23,12,8,32,28,1,13,21,33,67.1,,,,,,
1238,7,17,29,26,12,4,32,28,16,14,21,33,68.2,,,,,,
1239,7,17,29,37,12,8,32,24,16,13,36,34,68.43333333,,,,,,
1240,7,17,30,23,12,4,32,24,1,13,21,34,67.96666667,,,,,,
1241,7,17,30,26,12,8,32,28,16,13,36,33,68.9,,,,,,
1242,7,17,30,37,12,4,32,28,1,13,36,33,68.86666667,,,,,,
1243,9,3,27,23,12,8,32,24,16,13,21,34,67.1,,,,,,
1244,9,3,27,26,12,4,32,28,1,14,36,34,66.46666667,,,,,,
1245,9,3,27,37,12,8,32,28,16,14,36,33,67.3,,,,,,
1246,9,3,29,23,12,4,32,28,1,13,21,33,67.03333333,,,,,,
1247,9,3,29,26,12,8,32,24,16,14,21,33,68.06666667,,,,,,
1248,9,3,29,37,12,4,32,24,16,13,36,34,68.4,,,,,,
1249,9,3,30,23,12,8,32,28,1,14,36,34,67,,,,,,
1250,9,3,30,26,12,4,32,24,16,13,21,34,68.4,,,,,,
1251,9,3,30,37,12,8,32,24,1,13,21,33,68.06666667,,,,,,
1252,9,6,27,23,12,4,32,24,1,13,36,33,67.93333333,,,,,,
1253,9,6,27,26,12,8,32,28,16,13,21,33,67.3,,,,,,
1254,9,6,27,37,12,4,32,28,1,14,21,34,66.8,,,,,,
1255,9,6,29,23,12,8,32,24,16,14,36,33,66.86666667,,,,,,
1256,9,6,29,26,12,4,32,24,1,14,36,34,67.53333333,,,,,,
1257,9,6,29,37,12,8,32,28,16,13,21,33,67.53333333,,,,,,
1258,9,6,30,23,12,4,32,28,16,14,21,33,68.2,,,,,,
1259,9,6,30,26,12,8,32,24,1,13,36,33,67.56666667,,,,,,
1260,9,6,30,37,12,4,32,24,1,14,36,34,68.1,,,,,,
1261,9,17,27,23,12,8,32,24,16,14,21,33,67.43333333,,,,,,
1262,9,17,27,26,12,4,32,28,1,13,21,34,66.73333333,,,,,,
1263,9,17,27,37,12,8,32,28,1,14,21,34,66.43333333,,,,,,
1264,9,17,29,23,12,4,32,24,1,14,36,34,66.96666667,,,,,,
1265,9,17,29,26,12,8,32,24,1,13,36,33,67.43333333,,,,,,
1266,9,17,29,37,12,4,32,28,16,14,36,33,68.63333333,,,,,,
1267,9,17,30,23,12,8,32,24,16,14,36,34,67.56666667,,,,,,
1268,9,17,30,26,12,4,32,28,1,14,21,33,67.63333333,,,,,,
1269,9,17,30,37,12,8,32,24,16,13,21,33,68.23333333,,,,,,
1270,10,3,27,23,12,4,32,28,16,13,36,33,67.6,,,,,,
1271,10,3,27,26,12,8,32,24,1,14,36,34,66.63333333,,,,,,
1272,10,3,27,37,12,4,32,24,16,14,21,34,66.76666667,,,,,,
1273,10,3,29,23,12,8,32,28,16,14,21,34,66.73333333,,,,,,
1274,10,3,29,26,12,4,32,28,1,13,21,33,66.73333333,,,,,,
1275,10,3,29,37,12,8,32,24,1,13,36,33,67.73333333,,,,,,
1276,10,3,30,23,12,4,32,24,1,14,36,33,67.06666667,,,,,,
1277,10,3,30,26,12,8,32,28,16,13,36,34,68.73333333,,,,,,
1278,10,3,30,37,12,4,32,28,16,13,21,33,68.8,,,,,,
1279,10,6,27,23,12,8,32,24,16,13,21,33,67.76666667,,,,,,
1280,10,6,27,26,12,4,32,28,1,14,21,34,66.7,,,,,,
1281,10,6,27,37,12,8,32,28,1,13,36,34,66.3,,,,,,
1282,10,6,29,23,12,4,32,24,16,13,36,34,67.7,,,,,,
1283,10,6,29,26,12,8,32,24,16,14,36,33,68.56666667,,,,,,
1284,10,6,29,37,12,4,32,28,16,14,36,33,68.86666667,,,,,,
1285,10,6,30,23,12,8,32,28,1,13,21,34,67.16666667,,,,,,
1286,10,6,30,26,12,4,32,24,16,13,21,34,68.9,,,,,,
1287,10,6,30,37,12,8,32,24,1,14,21,33,67.93333333,,,,,,
1288,10,17,27,23,12,4,32,28,1,14,21,33,66.9,,,,,,
1289,10,17,27,26,12,8,32,24,16,13,21,34,67.13333333,,,,,,
1290,10,17,27,37,12,4,32,24,16,13,36,33,68.53333333,,,,,,
1291,10,17,29,23,12,8,32,28,1,14,36,34,66.26666667,,,,,,
1292,10,17,29,26,12,4,32,24,1,14,36,34,67.8,,,,,,
1293,10,17,29,37,12,8,32,28,16,13,21,34,67.86666667,,,,,,
1294,10,17,30,23,12,4,32,28,16,14,21,34,68.36666667,,,,,,
1295,10,17,30,26,12,8,32,24,1,14,36,33,68.2,,,,,,
1296,10,17,30,37,12,4,32,24,1,13,36,34,68.9,,,,,,
1297,10,3,27,26,12,4,31,24,16,14,21,33,69.1,,,,,,
1298,7,6,30,23,5,8,25,24,16,13,36,34,69.26666667,,,,,,
1299,9,6,27,37,5,4,31,24,1,14,21,34,67.83333333,,,,,,
1300,9,6,27,23,5,4,31,28,1,13,36,34,68.13333333,,,,,,
1301,10,6,30,26,5,8,25,28,16,13,36,33,70.56666667,,,,,,
1302,9,6,30,37,5,8,31,28,1,13,21,34,67.7,,,,,,
1303,9,3,27,23,5,4,22,24,16,13,21,34,67.63333333,,,,,,
1304,9,3,27,23,12,8,31,24,1,13,36,33,68.73333333,,,,,,
1305,9,17,29,23,12,8,31,24,16,14,36,34,68.7,,,,,,
1306,10,6,30,23,5,4,31,24,16,14,21,34,69.46666667,,,,,,
1307,9,6,27,26,12,4,25,24,16,13,36,33,68.93333333,,,,,,
1308,9,17,27,26,12,4,32,24,16,14,36,33,68.43333333,,,,,,
1309,9,17,30,26,12,4,31,24,1,14,21,33,68.23333333,,,,,,
1310,9,3,27,37,5,8,25,24,1,14,36,34,68.96666667,,,,,,
1311,9,17,27,37,12,8,25,24,1,13,21,34,68.16666667,,,,,,
1312,9,6,27,37,11,8,32,24,16,13,21,34,66.96666667,,,,,,
1313,9,3,27,37,12,4,32,24,1,13,36,33,67.56666667,,,,,,
1314,9,17,29,37,12,4,25,24,16,14,21,34,69.16666667,,,,,,
1315,10,17,29,37,5,4,31,24,1,14,21,34,69,,,,,,
1316,9,6,30,37,12,4,31,24,1,14,36,33,69.03333333,,,,,,
1317,9,17,27,23,5,4,25,28,1,14,21,34,68.2,,,,,,
1318,9,17,27,23,12,4,25,28,1,14,21,34,68,,,,,,
1319,9,17,27,23,12,4,32,28,16,13,36,33,68.83333333,,,,,,
1320,9,3,29,23,12,4,25,28,16,14,36,33,69.23333333,,,,,,
1321,10,3,29,23,5,4,31,28,1,14,36,34,68.86666667,,,,,,
1322,9,6,30,23,12,8,31,28,16,14,36,33,68.7,,,,,,
1323,9,6,27,26,12,4,31,28,1,13,21,33,68.23333333,,,,,,
1324,9,3,29,26,12,8,32,28,16,13,36,34,68,,,,,,
1325,9,17,30,26,12,8,25,28,1,13,36,33,68.26666667,,,,,,
1326,10,17,30,26,5,4,31,28,1,13,21,33,69.36666667,,,,,,
1327,9,6,27,37,5,4,22,28,1,14,21,33,65.8,,,,,,
1328,9,17,27,37,12,8,31,28,16,14,21,33,68.5,,,,,,
1329,9,17,30,37,11,8,32,28,1,14,36,33,67.23333333,,,,,,
1330,9,6,30,37,12,4,32,28,16,13,36,34,68.66666667,,,,,,
1331,10,17,29,23,12,4,32,24,16,13,21,33,67.5,,,,,,
1332,10,6,29,23,5,4,25,28,1,14,21,33,69.33333333,,,,,,
1333,10,17,29,26,12,8,32,28,16,13,21,33,68.2,,,,,,
1334,9,3,29,26,11,8,31,28,1,13,21,34,68.23333333,,,,,,
1335,10,6,30,23,2,4,25,24,1,13,36,33,68.86666667,,,,,,
1336,10,3,29,26,11,8,25,24,16,14,21,33,69.96666667,,,,,,
1337,7,6,30,23,5,8,31,24,1,13,36,34,67.53333333,,,,,,
1338,7,6,30,37,2,8,31,24,16,14,21,33,68.4,,,,,,
1339,10,6,27,37,11,4,31,28,1,13,36,33,69.1,,,,,,
1340,9,6,30,23,12,4,25,24,1,13,21,33,67.9,,,,,,
1341,7,6,27,37,11,8,22,28,1,14,21,34,65.33333333,,,,,,
1342,7,17,29,37,2,8,31,24,1,13,36,33,68.73333333,,,,,,
1343,9,3,30,37,5,8,25,24,1,13,21,34,68.96666667,,,,,,
1344,9,3,30,23,5,4,25,28,16,13,21,34,69.23333333,,,,,,
1345,10,6,29,26,11,4,32,24,1,14,21,33,68.33333333,,,,,,
1346,9,17,29,23,2,8,32,28,1,14,36,34,66.33333333,,,,,,
1347,7,6,27,37,12,8,31,28,1,13,36,33,68.7,,,,,,
1348,10,6,29,37,12,4,31,28,1,14,21,33,68.26666667,,,,,,
1349,9,17,29,37,12,4,32,24,1,14,21,34,67.33333333,,,,,,
1350,10,3,30,37,11,8,32,28,1,14,36,33,68.76666667,,,,,,
1351,7,6,30,37,5,4,25,28,1,13,21,33,69.06666667,,,,,,
1352,10,17,30,37,5,4,32,28,1,13,21,33,69.43333333,,,,,,
1353,7,17,30,23,2,4,32,24,16,14,21,34,68.2,,,,,,
1354,10,3,30,37,5,4,31,24,16,14,36,34,69.6,,,,,,
1355,10,6,30,37,12,4,22,28,16,14,36,34,68.8,,,,,,
1356,7,6,29,23,5,8,22,24,16,14,36,33,66.86666667,,,,,,
1357,10,6,27,26,2,4,25,24,1,13,36,34,69.23333333,,,,,,
1358,9,3,30,37,12,8,22,24,1,14,21,33,67.83333333,,,,,,
1359,7,3,29,26,5,8,32,24,16,14,21,33,67.93333333,,,,,,
1360,7,3,30,23,5,8,32,24,1,13,36,34,67.6,,,,,,
1361,9,17,30,23,11,8,22,28,1,13,36,33,67.33333333,,,,,,
1362,9,6,27,23,11,8,32,24,1,13,36,33,67.46666667,,,,,,
1363,10,17,27,23,11,8,22,28,1,13,36,33,66.73333333,,,,,,
1364,10,6,29,23,12,8,32,28,1,14,21,34,66.46666667,,,,,,
1365,7,17,27,26,11,8,31,28,1,14,36,34,67.83333333,,,,,,
1366,7,6,30,26,11,8,25,24,1,14,36,34,68.33333333,,,,,,
1367,10,17,30,26,5,8,25,28,1,14,21,33,69.8,,,,,,
1368,7,17,30,26,2,8,31,24,1,13,36,34,68.8,,,,,,
1369,10,17,29,37,2,4,22,24,1,13,21,34,67,,,,,,
1370,7,3,30,37,2,4,25,24,1,13,36,34,69,,,,,,
1371,10,6,27,23,11,8,22,24,16,13,36,33,68,,,,,,
1372,7,17,27,23,11,8,32,24,16,13,21,34,67.86666667,,,,,,
1373,9,3,30,23,11,4,31,28,16,13,21,34,68.6,,,,,,
1374,10,6,27,26,2,8,32,24,16,14,36,34,67.86666667,,,,,,
1375,7,17,30,26,11,8,31,24,16,13,21,34,68.83333333,,,,,,
1376,7,17,27,37,2,8,22,24,16,13,21,33,67.33333333,,,,,,
1377,10,6,29,37,2,4,31,28,16,14,36,34,69.53333333,,,,,,
1378,9,17,29,37,11,4,32,28,16,14,36,34,68.06666667,,,,,,
1379,7,6,30,37,11,8,31,28,16,14,36,34,68.03333333,,,,,,
1380,9,6,30,37,2,8,32,28,16,13,36,33,68.63333333,,,,,,
1381,9,6,27,26,5,4,22,28,1,14,21,34,65.46666667,,,,,,
1382,7,6,27,26,12,8,25,28,16,13,36,34,69.23333333,,,,,,
1383,9,17,29,26,11,8,25,28,16,13,36,34,68.76666667,,,,,,
1384,10,6,30,26,11,4,25,28,16,13,21,33,69.7,,,,,,
1385,10,6,29,23,5,8,32,28,16,13,21,33,68.93333333,,,,,,
1386,7,3,27,37,11,8,25,28,1,13,36,33,69.4,,,,,,
1387,7,3,29,37,2,8,25,28,1,14,21,33,68.43333333,,,,,,
1388,10,6,29,26,5,4,32,28,16,13,36,34,69.4,,,,,,
1389,7,3,27,23,5,8,25,28,1,14,21,33,68.9,,,,,,
1390,9,6,29,23,11,4,25,24,1,14,36,33,68.26666667,,,,,,
1391,7,17,27,26,2,4,31,28,1,13,21,34,67.6,,,,,,
1392,10,17,27,26,12,4,22,24,1,13,21,34,66.3,,,,,,
1393,10,17,30,26,12,4,25,24,1,14,36,33,69.16666667,,,,,,
1394,9,17,27,37,2,4,31,28,1,13,36,33,68.66666667,,,,,,
1395,10,3,27,37,12,8,25,24,1,14,21,34,68.23333333,,,,,,
1396,9,3,29,37,12,8,31,24,1,14,36,33,68.76666667,,,,,,
1397,9,3,27,23,2,8,31,24,16,14,36,34,69.1,,,,,,
1398,10,17,27,23,2,8,25,24,16,13,36,34,70.1,,,,,,
1399,10,17,27,26,12,4,25,28,16,14,36,33,70,,,,,,
1400,10,6,27,26,2,8,31,28,16,13,36,33,69.53333333,,,,,,
1401,9,17,29,26,5,8,31,24,16,14,36,33,68.53333333,,,,,,
1402,10,17,30,26,11,8,32,28,16,14,21,34,68.86666667,,,,,,
1403,9,17,27,37,2,8,25,24,16,13,36,33,69.36666667,,,,,,
1404,10,17,27,37,12,8,22,24,16,13,36,34,67.46666667,,,,,,
1405,10,6,29,37,2,4,25,24,16,14,36,34,70.13333333,,,,,,
1406,9,3,30,37,5,4,22,28,16,14,36,33,68.73333333,,,,,,
1407,9,6,29,37,11,4,22,24,1,13,21,33,66.63333333,,,,,,
1408,10,6,29,26,2,8,22,24,1,13,21,33,67.1,,,,,,
1409,9,3,29,23,11,8,22,28,1,13,21,34,65.56666667,,,,,,
1410,9,3,29,26,11,4,22,24,16,14,36,33,68.1,,,,,,
1411,9,3,29,37,11,4,32,24,16,13,36,34,68.26666667,,,,,,
1412,9,6,29,26,2,8,22,24,16,14,36,34,68.03333333,,,,,,
1413,9,6,29,23,12,4,22,24,16,14,36,33,67.7,,,,,,
1414,9,6,29,26,5,4,25,24,16,14,36,33,69.2,,,,,,
1415,10,6,27,23,11,4,31,24,16,13,21,33,69.8,,,,,,
1416,10,17,29,26,2,4,32,28,1,13,36,33,68.5,,,,,,
1417,7,6,29,23,5,4,32,24,1,13,21,33,67.06666667,,,,,,
1418,9,17,30,23,2,4,22,24,1,14,36,34,67.2,,,,,,
1419,10,17,29,23,2,8,31,24,1,14,21,34,67.66666667,,,,,,
1420,9,3,27,37,5,4,31,28,1,14,36,33,68.73333333,,,,,,
1421,10,17,30,37,11,4,22,28,1,13,21,34,68.66666667,,,,,,
1422,7,6,29,23,2,8,25,28,16,13,36,34,68.7,,,,,,
1423,9,17,29,23,12,4,22,28,16,13,36,33,67.9,,,,,,
1424,9,3,30,26,5,8,31,28,16,13,36,34,69.43333333,,,,,,
1425,7,6,29,26,5,8,32,28,16,14,36,34,67.56666667,,,,,,
1426,9,17,29,37,5,8,31,28,16,14,21,34,67.96666667,,,,,,
1427,10,17,30,37,11,8,32,28,16,13,36,33,69.2,,,,,,
1428,7,6,29,37,5,8,31,28,1,13,36,33,68.06666667,,,,,,
1429,9,6,29,37,12,8,25,24,1,14,21,33,68.13333333,,,,,,
1430,9,17,29,26,2,4,31,28,1,13,21,34,68,,,,,,
1431,9,6,30,26,11,8,32,28,1,14,36,34,67.26666667,,,,,,
1432,10,6,29,37,5,4,31,28,16,13,21,33,70.33333333,,,,,,
1433,7,3,30,37,11,4,25,28,16,13,21,33,69.53333333,,,,,,
1434,10,6,30,37,5,8,32,28,16,14,36,34,69.46666667,,,,,,
1435,10,17,30,23,11,4,25,28,16,14,36,34,69.56666667,,,,,,
1436,9,3,27,23,11,4,32,28,1,14,21,33,67.3,,,,,,
1437,7,3,30,23,2,8,22,24,1,14,36,33,67.03333333,,,,,,
1438,10,6,29,23,11,8,25,24,1,13,36,33,68.8,,,,,,
1439,9,6,29,26,12,8,31,28,16,13,21,33,68.26666667,,,,,,
1440,7,3,27,37,5,4,22,28,16,13,21,33,66.93333333,,,,,,
1441,10,3,29,37,5,4,22,28,1,13,36,34,67.53333333,,,,,,
1442,10,3,29,37,11,4,31,28,1,14,21,33,68.03333333,,,,,,
1443,10,3,27,37,11,8,25,24,1,14,36,34,69.5,,,,,,
1444,7,17,29,26,5,8,25,28,1,13,36,34,68.03333333,,,,,,
1445,10,3,27,37,5,4,32,24,1,13,36,34,68,,,,,,
1446,7,17,29,23,12,4,25,28,16,14,21,33,69.1,,,,,,
1447,10,6,30,23,12,8,22,24,16,14,21,33,68.2,,,,,,
1448,10,17,27,37,5,8,25,28,1,14,36,34,69.43333333,,,,,,
1449,7,17,30,26,12,8,32,28,16,14,21,34,68.3,,,,,,
1450,10,3,30,23,11,4,32,24,1,13,21,34,67.43333333,,,,,,
1451,10,17,27,23,11,8,31,24,1,14,21,33,68.6,,,,,,
1452,9,6,30,37,5,4,25,24,1,14,36,33,68.93333333,,,,,,
1453,7,6,29,23,11,4,22,24,1,13,36,34,66.43333333,,,,,,
1454,9,17,29,23,11,8,31,24,1,13,21,34,67.6,,,,,,
1455,10,17,30,37,12,8,25,28,16,13,36,34,69.36666667,,,,,,
1456,10,3,27,37,2,8,31,24,16,13,21,34,69.4,,,,,,
1457,9,17,30,37,11,8,31,28,1,13,36,34,68.13333333,,,,,,
1458,7,17,29,26,5,4,22,24,1,14,21,34,66.53333333,,,,,,
1459,10,17,27,26,2,8,25,28,1,14,36,34,68.5,,,,,,
1460,10,6,27,23,12,4,31,28,1,13,21,33,68.23333333,,,,,,
1461,9,17,30,23,5,8,22,28,16,13,21,33,67.73333333,,,,,,
1462,7,6,29,26,2,8,31,28,16,14,21,34,67.9,,,,,,
1463,9,3,30,37,2,8,32,24,16,14,21,34,68.63333333,,,,,,
1464,7,3,29,23,2,4,25,24,16,14,21,33,69.1,,,,,,
1465,7,3,30,26,12,4,25,24,16,14,36,34,69.4,,,,,,
1466,7,6,27,23,2,4,25,28,1,14,21,33,68.13333333,,,,,,
1467,9,17,27,26,11,4,25,28,16,14,21,33,69,,,,,,
1468,9,6,29,26,5,4,22,24,16,13,21,33,67.66666667,,,,,,
1469,10,3,30,37,12,4,31,24,16,13,36,33,68.53333333,,,,,,
1470,10,3,27,26,11,8,32,24,1,13,36,34,67.53333333,,,,,,
1471,7,3,29,23,12,4,32,28,16,14,36,33,68.26666667,,,,,,
1472,7,6,30,26,2,4,22,28,1,14,21,34,67.5,,,,,,
1473,10,3,30,26,12,8,31,24,16,14,21,33,68.96666667,,,,,,
1474,10,3,27,23,11,8,22,28,16,13,21,33,67.63333333,,,,,,
1475,10,3,27,23,2,4,32,24,16,13,21,34,67.2,,,,,,
1476,10,6,27,23,5,8,22,24,1,13,21,33,67.36666667,,,,,,
1477,9,3,29,23,5,4,32,28,1,13,36,33,67.36666667,,,,,,
1478,9,17,29,23,2,4,25,28,16,13,21,33,69.66666667,,,,,,
1479,9,3,27,26,2,4,25,24,1,13,21,33,68.3,,,,,,
1480,10,3,27,26,11,8,31,28,1,13,36,34,69.23333333,,,,,,
1481,7,6,27,26,5,8,32,28,16,13,36,34,67.2,,,,,,
1482,7,6,29,26,2,4,25,24,16,13,21,33,69.03333333,,,,,,
1483,10,17,29,26,11,4,22,28,16,13,21,34,67.6,,,,,,
1484,7,3,30,26,11,4,22,28,1,13,21,33,67.93333333,,,,,,
1485,10,17,30,26,5,4,32,28,16,13,36,33,70.33333333,,,,,,
1486,9,3,30,37,11,8,31,28,1,13,21,34,68.43333333,,,,,,
1487,9,6,30,37,12,8,22,28,16,13,21,34,67.86666667,,,,,,
1488,10,6,30,37,11,4,25,24,1,13,36,33,69.73333333,,,,,,
1489,7,17,30,37,12,8,31,24,1,13,21,34,67.9,,,,,,
1490,9,6,27,23,5,4,32,28,1,14,36,34,67.23333333,,,,,,
1491,9,3,29,23,2,8,32,24,16,14,36,33,67,,,,,,
1492,9,17,29,23,5,8,25,24,16,14,36,34,68.76666667,,,,,,
1493,7,3,30,23,2,8,25,28,1,14,36,33,68.46666667,,,,,,
1494,9,6,30,23,5,4,22,24,1,14,36,33,67.63333333,,,,,,
1495,9,3,27,26,11,4,22,28,16,14,21,34,66.03333333,,,,,,
1496,9,6,27,26,11,8,31,24,16,14,36,34,68.33333333,,,,,,
1497,7,6,30,26,12,4,31,28,1,14,21,34,68.5,,,,,,
1498,9,3,27,37,11,4,31,24,1,14,21,34,68.2,,,,,,
1499,9,6,27,37,12,4,22,24,16,14,21,34,67.06666667,,,,,,
1500,7,3,29,37,5,8,32,28,1,14,21,34,67.26666667,,,,,,
1501,10,17,30,37,12,4,22,28,16,14,21,33,68.66666667,,,,,,
1502,10,17,30,37,12,8,32,28,1,14,36,34,67.43333333,,,,,,
1503,9,6,30,37,11,8,25,28,1,13,21,34,68.16666667,,,,,,
1504,9,3,27,26,11,4,25,24,16,13,21,33,69.8,,,,,,
1505,10,3,27,23,5,8,25,28,1,13,36,33,70,,,,,,
1506,7,6,27,23,12,4,32,28,1,13,21,34,67.6,,,,,,
1507,9,6,27,23,2,4,22,24,1,13,21,33,67.2,,,,,,
1508,10,3,27,23,12,8,22,24,16,13,21,34,66.7,,,,,,
1509,7,6,29,23,2,4,31,24,1,13,36,33,68.33333333,,,,,,
1510,9,17,29,23,5,4,22,24,16,13,21,34,66.9,,,,,,
1511,10,17,29,23,2,8,22,24,16,13,21,34,66.56666667,,,,,,
1512,10,17,29,23,12,8,31,28,1,13,21,34,67.66666667,,,,,,
1513,7,6,30,23,2,8,22,24,1,13,21,34,67.2,,,,,,
1514,9,6,30,23,12,4,32,24,16,13,36,34,68.5,,,,,,
1515,10,17,30,23,2,4,22,24,1,13,21,33,67.9,,,,,,
1516,7,3,29,26,2,8,22,28,16,13,36,34,67.33333333,,,,,,
1517,9,17,29,26,2,4,32,24,1,13,21,34,67.13333333,,,,,,
1518,10,3,29,26,5,4,25,28,1,13,36,33,69.76666667,,,,,,
1519,7,17,30,26,5,8,31,24,16,13,21,34,68.7,,,,,,
1520,9,3,30,26,2,8,22,28,16,13,36,33,68.73333333,,,,,,
1521,7,17,27,37,5,4,31,24,1,13,21,34,68.1,,,,,,
1522,9,3,27,37,2,8,32,24,1,13,36,34,67.03333333,,,,,,
1523,7,17,29,37,11,4,22,28,16,13,36,34,67.76666667,,,,,,
1524,7,17,29,37,2,8,32,28,16,13,21,33,67.5,,,,,,
1525,9,3,29,37,12,8,22,24,16,13,36,33,68.7,,,,,,
1526,10,17,29,37,2,4,32,28,1,13,36,33,68.5,,,,,,
1527,9,3,30,37,11,4,22,28,16,13,21,34,68.46666667,,,,,,
1528,10,17,30,37,2,4,25,28,16,13,21,33,69.9,,,,,,
1529,7,6,27,23,5,8,32,24,16,14,21,33,67.66666667,,,,,,
1530,10,6,27,23,2,4,22,28,1,14,36,34,66.9,,,,,,
1531,10,3,27,23,5,8,31,24,1,14,21,34,69.36666667,,,,,,
1532,10,6,27,23,11,4,32,28,16,14,21,34,68.16666667,,,,,,
1533,7,3,29,23,2,8,22,28,16,14,21,34,66.5,,,,,,
1534,9,6,29,23,5,4,31,24,16,14,21,33,68.7,,,,,,
1535,10,17,29,23,5,4,22,24,1,14,21,33,66.66666667,,,,,,
1536,10,6,29,23,12,8,22,28,1,14,36,34,66.2,,,,,,
1537,10,6,29,23,2,8,32,28,1,14,36,34,66.86666667,,,,,,
1538,7,3,30,23,2,8,31,28,16,14,21,34,68.56666667,,,,,,
1539,7,6,30,23,12,4,32,28,1,14,21,33,68.46666667,,,,,,
1540,7,17,27,26,5,4,31,28,1,14,21,33,68.33333333,,,,,,
1541,9,3,30,26,2,4,31,28,16,14,21,33,68.36666667,,,,,,
1542,10,3,30,26,2,8,22,28,16,14,36,33,68.93333333,,,,,,
1543,10,17,30,26,11,4,25,28,1,14,21,34,68.96666667,,,,,,
1544,10,17,30,26,2,4,31,24,1,14,36,34,69.3,,,,,,
1545,7,17,27,37,2,8,32,24,1,14,21,33,66.66666667,,,,,,
1546,10,6,27,37,5,4,22,28,1,14,36,33,68.16666667,,,,,,
1547,10,17,27,37,2,8,31,24,16,14,36,33,69.93333333,,,,,,
1548,9,6,29,37,11,4,22,24,1,14,21,33,66.3,,,,,,
1549,9,17,29,37,2,4,32,24,1,14,21,33,67.33333333,,,,,,
1550,7,6,30,37,11,8,22,24,1,14,36,33,67.8,,,,,,
1551,7,3,30,37,5,4,32,28,16,14,21,33,69.43333333,,,,,,
1552,9,3,30,23,12,8,25,24,16,14,21,34,68.16666667,,,,,,
1553,7,3,29,26,2,4,25,28,1,13,21,34,68.06666667,,,,,,
1554,7,17,27,26,5,8,32,24,16,13,21,34,67.06666667,,,,,,
1555,10,6,29,37,11,8,32,24,16,13,21,33,68.73333333,,,,,,
1556,9,17,27,37,5,8,22,28,16,13,36,33,66.6,,,,,,
1557,10,17,30,37,11,8,31,28,1,13,36,34,68.93333333,,,,,,
1558,10,17,27,26,11,8,31,28,16,14,21,33,69.26666667,,,,,,
1559,10,17,27,26,12,4,31,24,1,14,36,33,68.93333333,,,,,,
1560,9,3,27,37,11,8,25,24,16,14,36,34,69.6,,,,,,
1561,10,6,30,37,12,8,25,28,1,14,21,34,67.83333333,,,,,,
1562,7,17,29,37,5,8,22,28,1,14,36,34,66.46666667,,,,,,
1563,7,17,29,26,5,8,31,24,16,13,36,33,69,,,,,,
1564,9,3,30,23,5,8,32,28,1,13,21,33,67.66666667,,,,,,
1565,7,17,29,26,11,4,31,28,1,14,36,34,68.4,,,,,,
1566,9,17,29,37,2,8,22,24,1,14,21,33,66.1,,,,,,
1567,10,17,29,26,12,8,25,28,1,14,21,34,68,,,,,,
1568,9,6,30,26,5,4,32,24,1,14,36,33,68.1,,,,,,
1569,10,6,30,26,11,4,22,24,16,14,21,34,69.4,,,,,,
1570,9,17,30,23,2,4,32,28,16,14,21,34,68.26666667,,,,,,
1571,7,6,30,26,2,4,32,28,1,14,21,33,68.03333333,,,,,,
1572,10,3,29,37,11,4,32,24,1,13,21,33,67.73333333,,,,,,
1573,7,6,29,37,12,8,25,24,16,14,21,33,68.83333333,,,,,,
1574,10,3,29,26,12,8,22,28,16,13,36,34,67.96666667,,,,,,
1575,7,3,30,26,11,4,32,28,16,13,36,33,69.7,,,,,,
1576,9,3,30,26,11,4,32,24,16,14,36,34,68.66666667,,,,,,
1577,10,17,30,26,11,4,22,28,1,13,36,33,68.76666667,,,,,,
1578,7,3,29,37,12,4,22,24,1,13,36,34,67.43333333,,,,,,
1579,7,3,29,37,12,8,32,24,1,14,36,34,67.96666667,,,,,,
1580,9,6,27,23,12,8,32,24,16,13,21,34,67.6,,,,,,
1581,7,3,29,23,12,8,31,24,1,13,21,34,67.96666667,,,,,,
1582,7,17,29,23,2,4,22,24,1,14,21,33,66.3,,,,,,
1583,7,17,30,23,11,4,31,24,16,14,21,33,68.96666667,,,,,,
1584,9,17,27,26,2,8,32,28,16,14,21,34,67.06666667,,,,,,
1585,9,6,30,26,12,4,22,24,1,13,21,33,67.63333333,,,,,,
1586,7,17,27,37,12,8,25,24,16,14,21,34,68.8,,,,,,
1587,7,3,27,23,12,8,32,24,1,13,36,33,68.23333333,,,,,,
1588,7,3,30,23,11,8,22,28,16,13,36,34,68.4,,,,,,
1589,7,17,27,26,12,8,22,24,16,14,21,33,67.1,,,,,,
1590,7,6,30,23,12,4,31,24,16,13,36,34,69.1,,,,,,
1591,9,17,29,23,11,4,22,24,16,13,21,33,66.53333333,,,,,,
1592,9,17,30,23,12,4,25,24,16,14,36,33,69.53333333,,,,,,
1593,7,3,30,23,11,8,31,24,1,13,36,33,68.33333333,,,,,,
1594,10,6,29,26,5,4,31,28,16,14,21,33,70.36666667,,,,,,
1595,10,3,29,26,5,8,22,24,1,13,36,33,68.66666667,,,,,,
1596,10,17,29,37,2,4,25,24,16,13,36,34,70.03333333,,,,,,
1597,10,6,27,26,12,8,32,28,16,13,36,34,67.2,,,,,,
1598,7,17,30,23,5,8,25,24,16,14,36,33,69.33333333,,,,,,
1599,9,6,30,37,2,8,25,24,1,13,21,33,67.96666667,,,,,,
1600,7,17,27,23,2,4,31,28,1,13,21,33,68.06666667,,,,,,
1601,10,17,27,23,12,8,31,28,16,14,21,33,69.06666667,,,,,,
1602,10,6,30,23,2,4,31,28,1,14,21,33,68.3,,,,,,
1603,7,3,27,26,2,8,22,28,16,13,21,33,66.66666667,,,,,,
1604,7,3,27,26,5,4,31,24,16,14,21,33,69.16666667,,,,,,
1605,10,3,27,26,5,8,32,28,16,14,21,34,68.33333333,,,,,,
1606,10,3,27,26,12,8,32,28,16,14,21,33,66.96666667,,,,,,
1607,10,3,29,26,2,8,31,24,16,13,21,33,69.26666667,,,,,,
1608,10,3,29,26,11,4,32,28,1,14,21,33,67.5,,,,,,
1609,7,3,30,26,5,4,25,28,16,14,21,33,69.83333333,,,,,,
1610,9,3,30,26,11,4,31,24,16,14,21,34,68.53333333,,,,,,
1611,10,3,27,37,2,4,25,24,16,14,21,34,69.66666667,,,,,,
1612,9,3,27,37,12,4,31,24,16,13,21,34,68.63333333,,,,,,
1613,9,3,30,37,2,8,22,28,1,13,21,33,67.4,,,,,,
1614,7,3,27,23,11,4,25,24,1,13,36,33,69.76666667,,,,,,
1615,10,3,27,23,5,4,32,24,1,13,36,33,68.43333333,,,,,,
1616,10,6,27,23,2,8,31,24,16,13,36,34,69.73333333,,,,,,
1617,10,6,29,23,12,4,31,28,1,13,36,34,67.7,,,,,,
1618,7,17,29,23,11,8,25,24,16,13,36,34,69.56666667,,,,,,
1619,9,6,30,23,11,4,22,24,1,14,36,33,67.46666667,,,,,,
1620,10,3,27,26,2,8,31,28,1,14,36,33,68.76666667,,,,,,
1621,9,6,27,26,2,4,22,28,16,13,36,34,67.66666667,,,,,,
1622,9,6,27,26,5,8,31,24,1,13,36,33,68.1,,,,,,
1623,9,3,29,26,12,8,31,24,16,13,36,34,69.03333333,,,,,,
1624,10,17,29,26,2,8,31,24,1,13,36,34,68.83333333,,,,,,
1625,7,17,29,26,11,4,32,28,16,14,36,33,68.93333333,,,,,,
1626,9,3,30,26,2,4,25,24,1,14,36,34,68,,,,,,
1627,9,6,30,26,2,8,31,24,1,14,36,33,68.46666667,,,,,,
1628,9,17,27,37,5,8,32,24,16,13,36,34,67.86666667,,,,,,
1629,10,3,29,37,11,8,22,24,1,13,36,33,68.13333333,,,,,,
1630,9,17,29,37,5,4,25,24,1,13,36,34,68.8,,,,,,
1631,10,3,30,37,2,4,31,28,1,13,36,33,68.13333333,,,,,,
1632,7,3,30,23,12,8,22,28,16,14,21,34,67.86666667,,,,,,
1633,10,17,29,23,5,8,25,24,16,13,21,34,69.76666667,,,,,,
1634,7,17,27,23,5,4,31,28,16,13,21,33,69.13333333,,,,,,
1635,9,6,30,23,5,8,31,24,1,14,21,33,67.43333333,,,,,,
1636,10,3,30,23,5,8,22,24,1,13,21,34,68.03333333,,,,,,
1637,9,6,29,37,5,8,32,28,1,14,21,34,66.63333333,,,,,,
1638,10,3,29,37,5,4,22,24,16,13,21,34,68.66666667,,,,,,
1639,10,6,30,37,5,4,31,28,16,13,21,34,70.33333333,,,,,,
1640,9,6,29,23,2,8,22,28,16,13,36,33,67.2,,,,,,
1641,7,6,30,23,5,8,22,24,1,13,36,33,67,,,,,,
1642,7,3,27,26,11,4,22,24,16,13,36,33,67.96666667,,,,,,
1643,9,17,29,26,12,4,22,28,1,14,36,33,67.53333333,,,,,,
1644,9,17,29,26,5,4,32,28,16,14,36,34,68.46666667,,,,,,
1645,7,6,30,26,12,8,22,24,1,14,36,33,67.93333333,,,,,,
1646,10,3,30,37,5,4,22,24,16,14,36,33,69.7,,,,,,
1647,7,6,27,23,2,4,32,28,16,13,21,33,67.63333333,,,,,,
1648,10,17,29,23,5,4,31,24,16,14,21,33,70.1,,,,,,
1649,9,3,27,26,5,4,25,24,1,13,21,34,69.03333333,,,,,,
1650,7,17,27,37,12,8,32,28,1,14,21,34,66.7,,,,,,
1651,7,6,30,23,11,4,31,24,16,14,36,33,68.83333333,,,,,,
1652,9,6,29,23,2,8,32,24,1,13,36,34,66.33333333,,,,,,
1653,10,17,29,23,11,8,31,24,1,13,36,34,67.76666667,,,,,,
1654,10,17,30,26,5,8,22,24,16,14,36,33,70.03333333,,,,,,
1655,9,3,29,37,2,8,31,24,16,14,36,33,68.93333333,,,,,,
1656,7,6,27,37,12,4,32,24,1,13,36,33,68.03333333,,,,,,
1657,7,17,27,23,11,4,25,28,16,13,21,34,69.03333333,,,,,,
1658,9,3,29,37,5,8,22,28,1,14,21,34,65.6,,,,,,
1659,10,3,29,37,2,8,25,24,16,14,21,33,69.9,,,,,,
1660,9,6,29,37,11,8,32,28,1,13,21,34,66.56666667,,,,,,
1661,7,17,27,26,2,4,25,24,16,13,36,34,69.23333333,,,,,,
1662,9,17,27,26,11,4,22,28,16,14,36,33,66.86666667,,,,,,
1663,10,3,29,37,2,8,22,28,1,13,36,34,67.1,,,,,,
1664,10,3,30,26,2,4,25,24,1,14,36,34,68.63333333,,,,,,
1665,10,6,30,23,12,8,32,28,1,13,36,33,67.63333333,,,,,,
1666,10,17,30,37,5,4,25,28,16,13,36,33,70.76666667,,,,,,
1667,9,6,27,23,5,4,25,28,16,13,21,33,68.93333333,,,,,,
1668,7,17,29,23,11,8,32,28,16,13,21,34,67.43333333,,,,,,
1669,9,3,30,23,11,4,22,24,16,13,21,34,67.9,,,,,,
1670,7,17,30,37,2,8,25,24,16,13,36,34,69.2,,,,,,
1671,9,17,29,37,12,8,22,24,1,13,21,33,66.26666667,,,,,,
1672,7,6,27,37,5,8,25,24,1,14,36,34,68.16666667,,,,,,
1673,9,6,27,37,12,8,31,24,16,14,36,34,68.63333333,,,,,,
1674,10,6,27,26,5,8,25,24,1,13,21,33,69.56666667,,,,,,
1675,7,17,29,26,12,4,31,24,1,13,21,34,68.3,,,,,,
1676,9,17,29,26,12,8,22,28,16,14,36,34,67.4,,,,,,
1677,10,3,29,37,12,8,22,24,16,13,36,34,68.8,,,,,,
1678,9,17,30,37,5,4,31,24,1,13,21,34,68.06666667,,,,,,
1679,9,17,30,23,11,4,25,28,16,14,21,33,68.93333333,,,,,,
1680,10,6,30,23,11,4,32,24,16,13,36,34,68.86666667,,,,,,
1681,10,17,30,26,2,8,22,24,16,14,36,34,69.13333333,,,,,,
1682,10,17,29,37,11,4,25,24,16,13,21,34,70.3,,,,,,
1683,10,3,29,26,12,8,25,24,16,14,21,33,69.8,,,,,,
1684,9,6,27,26,11,4,31,28,16,14,36,33,69.06666667,,,,,,
1685,10,3,27,23,12,4,32,24,16,13,21,34,67.03333333,,,,,,
1686,7,6,29,37,12,8,32,24,1,13,36,33,68.16666667,,,,,,
1687,7,17,30,26,12,8,31,28,16,14,21,33,68.33333333,,,,,,
1688,7,6,30,37,12,8,25,28,16,14,36,34,69.13333333,,,,,,
1689,7,3,27,23,12,8,25,24,16,13,21,33,69.73333333,,,,,,
1690,9,6,27,23,12,8,25,28,1,13,36,33,68.3,,,,,,
1691,7,3,30,23,2,8,32,24,1,13,21,33,67.66666667,,,,,,
1692,10,17,30,23,5,8,32,28,1,14,36,33,69.13333333,,,,,,
1693,7,17,30,23,12,8,32,28,1,13,36,33,68,,,,,,
1694,7,3,29,26,11,8,31,24,16,14,21,33,69.1,,,,,,
1695,7,6,29,26,2,8,32,28,1,13,36,33,67.5,,,,,,
1696,9,3,30,26,12,4,32,28,16,13,21,33,68.4,,,,,,
1697,10,6,30,26,2,4,25,28,16,13,36,33,69.66666667,,,,,,
1698,7,3,27,37,11,8,22,24,1,13,36,33,67.23333333,,,,,,
1699,9,6,27,37,2,8,31,28,16,13,21,33,68.7,,,,,,
1700,7,17,29,37,11,4,31,24,16,13,21,33,68.83333333,,,,,,
1701,7,17,27,23,5,8,22,24,1,14,21,34,65.8,,,,,,
1702,10,3,29,23,12,4,25,24,1,13,21,34,67.63333333,,,,,,
1703,7,6,30,23,2,4,32,24,1,14,21,34,67.3,,,,,,
1704,10,6,30,26,5,4,22,24,16,13,21,34,70.26666667,,,,,,
1705,7,6,27,37,2,8,32,28,16,14,36,34,67.33333333,,,,,,
1706,7,6,29,37,2,8,22,28,1,13,21,34,66.33333333,,,,,,
1707,7,3,30,37,12,4,32,28,16,14,21,34,68.66666667,,,,,,
1708,7,6,30,37,11,8,32,24,1,14,21,34,67.76666667,,,,,,
1709,10,6,27,37,11,4,25,28,16,14,36,33,70.3,,,,,,
1710,10,6,30,23,12,8,31,24,1,13,36,34,67.6,,,,,,
1711,7,17,30,26,11,4,25,28,16,13,21,34,69.2,,,,,,
1712,10,3,27,26,11,8,22,28,1,13,36,34,66.53333333,,,,,,
1713,9,6,27,23,11,8,31,24,16,13,21,33,69.16666667,,,,,,
1714,7,6,29,23,5,4,25,24,16,14,36,33,69.53333333,,,,,,
1715,9,3,29,23,11,4,32,24,16,14,21,33,67.66666667,,,,,,
1716,10,6,29,23,2,8,31,28,1,14,36,33,68.13333333,,,,,,
1717,9,17,30,23,2,8,31,28,1,14,36,33,67.96666667,,,,,,
1718,10,3,27,26,11,8,25,28,16,14,21,33,69.66666667,,,,,,
1719,9,6,30,26,11,4,22,28,1,13,21,33,67.66666667,,,,,,
1720,7,17,27,23,2,4,22,24,1,13,21,34,66.7,,,,,,
1721,7,6,29,37,11,4,32,28,16,14,21,33,68.23333333,,,,,,
1722,10,6,27,37,5,8,32,24,16,13,21,33,68.36666667,,,,,,
1723,7,3,30,23,12,4,22,24,1,14,36,33,67.9,,,,,,
1724,10,3,29,23,2,4,25,24,1,13,36,33,69.16666667,,,,,,
1725,9,3,30,26,5,4,22,24,16,14,36,33,68.96666667,,,,,,
1726,10,3,27,26,2,8,32,24,1,14,36,33,67.73333333,,,,,,
1727,7,6,29,26,11,8,31,24,16,14,36,33,68.93333333,,,,,,
1728,9,6,30,26,2,8,32,24,16,13,36,33,68.83333333,,,,,,
1729,7,17,27,26,2,4,32,24,1,13,36,33,67.83333333,,,,,,
1730,9,17,29,26,2,4,25,24,1,14,21,33,68.46666667,,,,,,
1731,9,17,29,26,5,4,32,24,16,14,21,33,68.4,,,,,,
1732,7,3,30,37,11,8,32,28,16,13,21,33,69.1,,,,,,
1733,9,17,27,37,11,4,22,28,1,13,21,33,66.16666667,,,,,,
1734,10,17,27,37,11,8,25,28,16,14,36,33,69.86666667,,,,,,
1735,7,6,27,23,12,8,22,28,16,14,21,34,66.66666667,,,,,,
1736,10,17,27,23,12,8,25,24,1,13,36,34,68.83333333,,,,,,
1737,7,3,30,26,5,4,22,28,1,14,21,34,67.76666667,,,,,,
1738,7,3,27,26,12,4,22,24,1,14,21,34,66.3,,,,,,
1739,7,6,30,26,11,4,22,28,1,14,36,34,68,,,,,,
1740,9,6,29,26,11,4,25,28,1,14,36,34,68.5,,,,,,
1741,10,6,27,26,12,4,22,28,16,13,21,34,66.53333333,,,,,,
1742,7,3,27,37,11,8,31,24,16,13,21,34,69.23333333,,,,,,
1743,7,17,29,37,12,4,22,24,16,14,21,34,67.36666667,,,,,,
1744,7,17,29,37,2,4,32,24,16,13,21,34,67.86666667,,,,,,
1745,9,6,27,23,2,8,25,24,1,14,21,33,67.96666667,,,,,,
1746,9,17,27,23,11,8,32,28,16,13,36,33,67.63333333,,,,,,
1747,10,17,27,23,2,4,32,24,1,13,21,33,67.9,,,,,,
1748,10,17,29,37,12,4,22,28,16,14,21,33,67.86666667,,,,,,
1749,9,3,30,26,12,8,25,28,1,14,36,33,68.13333333,,,,,,
1750,9,6,29,37,2,8,25,28,16,14,36,34,69.23333333,,,,,,
1751,10,3,30,23,11,8,25,24,16,13,21,34,69.06666667,,,,,,
1752,9,6,30,37,12,4,25,28,16,13,21,34,69.2,,,,,,
1753,10,6,30,23,2,4,22,24,16,13,36,34,68.73333333,,,,,,
1754,7,17,30,26,11,4,22,28,1,14,36,34,68,,,,,,
,,,,,,,,,,,,,,Max,Min ,Range ,Average ,SD,Coeff. Var. 
,,,,,,,,,,,,,,70.96666667,64.73333333,6.233333333,68.24262638,1.027240368,0.015052767
